0.3483587324468621
0.2552709476714283
0.3346734939160788
-0.02554862056340891
-0.059830653209000016
0.08679522038538966
0.06542301000313111
-0.027013163465038886
0.08669721926146798
0.06948226221297461
0.30501950458712734
0.288740141186291
0.04305875141495711
0.2210920890212915
0.37596529225216924
-0.017884351476088862
0.008058781251630336
0.011527266913337659
0.09968416001606753
-0.12567099700498519
0.533354383968817
0.43890254603696777
0.8290063016724403
0.5923223642075188
0.6986116177401035
0.24356881446555978
0.44772565651067836
0.5351080179795138
0.6278477073596158
0.8019189956310323
0.4091479006400897
0.724060933619398
0.7233053547417999
0.4797984508208391
0.5284993782444853
0.543526625911642
0.5166309211980726
0.41276368664512053
0.6612911182942937
0.5601923589013418
0.592353198785479
0.43264917040254003
0.49576461781026343
0.762958523062718
0.6942601595493503
0.5455756357233248
0.8608809576598093
0.6987312311869829
0.6416453314744872
0.874362088633307
0.8567345611573681
0.7040646757452005
0.7754480173935219
0.8013203601899022
0.5435804589364109
0.6379575193676166
0.6399262780671164
0.6603396656089222
0.6566061565312638
0.8645999696078894
0.624126620699576
0.5386797316021603
0.7938688551057591
0.49262426338268195
0.6535757123070943
0.7610347797187849
0.5359288682806328
0.5506052511573135
0.804451393046741
0.3945389651331637
0.4240164872072507
0.7836755535750097
0.4027586198364743
0.4503370203593129
0.9239433529778585
0.3359619631847934
0.6473399853196747
0.6345890570658441
0.3567855385352168
0.6979624474691632
0.7072842536989224
0.42821621176655217
0.13095805134518307
0.4725898499318689
0.06616653798455137
0.7431797297225067
0.6509267072121367
0.2480518370232357
0.754508788423881
0.7642792109989753
0.12154454894129452
0.5563814032926924
0.763468407604968
0.21832197344398113
0.6980393530221378
0.8522709499195231
0.3389725697208421
0.4753611033779646
0.562186025077622
0.3522636133008288
0.4442317557235901
0.5268952659597127
0.5157274157755172
0.7502762561758664
0.7259443492458628
0.4056494162691509
0.47116988204919075
0.6660265140620916
0.09671023197642253
0.23765639493151577
0.603274873856465
0.3832887364138956
0.6901032119582449
0.9165622270792584
0.19735858864269654
0.4449386825435301
0.8301434791475145
0.1999388098721977
0.4858401122790779
0.6616823297747532
0.1518445360541702
0.27428866307404737
0.6251355478291339
0.1625476033933697
0.2913856898032569
0.6881556392385619
-0.018192194230247167
-0.07350371497729155
0.5013959671277592
0.08364261937801026
0.2074127557901149
0.7317056863791855
0.21556717192161753
0.10030741404935359
0.6852862469201005
0.3931264676502383
0.349983718584305
0.6938232564798404
0.23997247710625674
0.25960567491651315
0.6041657093093307
0.7035249770430835
0.16562518826230627
0.7488272712080977
0.5146959189685857
0.2893167464129123
0.7177301957818156
0.15462552606539387
0.1600083494135804
0.5323878972432828
0.07128339020974163
0.018869331344508185
0.5348638571157268
0.09537044708347667
-0.10483249086777147
0.5973437101010179
0.010555432920754296
0.15413897650202776
0.47226200377189587
0.11984378131547391
0.24354045550882192
0.6456093409943056
0.19138662257045191
0.24042013699756626
0.8791745182031139
0.060069828692497926
-0.07612823383123259
0.5887169655735462
-0.1317816586529588
-0.060138103422396325
0.5742641068973839
-0.11186688824523477
-0.03886979889408199
0.5969181485415702
0.014844819831957009
0.006283254121957285
0.8039869701595961
-0.03646448916488519
-0.018293401851961606
0.5152432067984815
0.02977826046454507
0.08137921274058399
0.4555016918376338
-0.04681281494385681
0.02405633858007869
0.6762721477969746
0.061879743072659005
0.06310509879511972
0.7327737077955676
-0.007184132574051476
0.034732690314350716
0.6440884985609541
0.047718677858426116
0.04597739997216831
0.7249884895058498
0.06770857867130575
0.09645052239321672
0.6853110578471051
-0.09275399055222402
-0.11037413744291322
0.7160938803034675
0.0707339944351858
0.2258263046119053
0.5280817620759679
-0.17861935410583088
0.1091639997847732
0.4787887257885803
0.02456201085368972
0.2666019903052096
0.8034938315226345
0.00915248717028139
0.1688566665330143
0.7977120274985152
0.03559383176743708
0.20602023241938577
0.8571899420396641
-0.10692059988969033
0.07030373721365406
0.6531064693129827
0.005504982752648796
0.1651619810895829
0.8040155771983821
-0.03759787935648354
0.0629736850198819
0.8629234460154083
0.04945771738294444
0.15675096998282803
0.5690257925108995
-0.01824727085548128
0.16414167480681374
0.7525113772677624
0.08202618526239186
0.282089080884275
0.626310897383386
0.17099189928754022
0.3089349471974693
0.8026794195740402
0.019557317345096338
0.0881153622737303
0.8160582866466195
-0.1375218145227754
0.01964534173385929
0.6480661837050812
0.11587166054732903
0.34585829117967815
0.8197733503273006
0.15411733832609514
0.37946865641922034
0.8845008653171695
0.17625233621081404
0.28073171894347215
0.8952950464926737
0.08824791614255392
0.31470651187167287
0.8595799641729787
-0.06432615483049656
0.1609120309228269
0.8148782429555181
0.03707308731957478
0.258281933520148
0.8307062419797221
-0.012575504492366663
0.22237711892539694
0.8083381296968781
-0.0014195357157265982
0.1725659532683034
0.8542136594594987
0.045096954800090266
0.287251853678907
0.8559407369729146
-0.03027649949723028
0.17066767199404773
0.7336049101080788
0.05673138899149196
0.37548994811705183
0.8683917502819123
0.04190516060896282
0.31037069935991646
0.8313631899636726
0.07695265206686511
0.1281213595015493
0.8187904391451145
0.212853832990628
0.2951539487299263
0.8136055907044542
0.15645618280955073
0.18515708790758173
0.7411633992581821
0.15843441535613828
0.2814579519496584
0.812380866678829
0.29087424080636587
0.1482260279170883
0.4813681059580167
0.4270961579767362
0.42528936842104265
0.8973476800068703
0.438051864212224
0.3913284071084477
0.6662620975801157
0.2720307539658322
0.1160728432343052
0.759335665770316
0.05656285026062381
0.15773246607355063
0.35701269898810206
0.12925661818558165
0.2784180971168061
0.2740867023605026
0.06065985198581242
0.13942050277513277
0.29126090471842614
0.19285394498426112
0.2321980830669517
0.5777435320742952
0.04958141511524062
0.4744586728626786
0.6845745505441448
0.05046315749951787
0.16174542894661503
0.5412813096240622
0.06908761721419047
0.2528725211412944
0.7085585001919812
0.09578689784081505
0.5271963324565776
0.7362005102561289
0.012641922100218722
0.33805459811840943
0.9289061705531028
-0.0644355584267657
0.1876160596990013
0.7233781377076736
0.1555417456514938
0.47885316396873434
0.5624325235216516
0.05990467975844905
0.4979818894506034
0.6671343584351346
0.1816736042155781
0.47984873372168946
0.6807588322698661
0.17035184386421376
0.45838606746896043
0.6642610937263882
0.25243389480568645
0.598315070227472
0.899194140330289
0.12620028820784135
0.6483830943521822
0.8147061682235929
0.10425216082023761
0.4999357612705384
0.6341275244555209
0.08490070220336104
0.31562090173369434
0.5433839162799934
-0.031680981480438686
0.20590122873950661
0.6694380425156192
-0.009813590615555859
0.3311465926509787
0.7444116223326889
0.21463779346799639
0.5608160281429035
0.8206809217147989
0.23706804338238907
0.5346187500751273
0.7581808643854611
0.32786036685357645
0.5063862437243152
0.8804680223064714
0.09999155747045231
0.4955586401423506
0.6721677540407431
0.22865012163420922
0.29637459880729444
0.700370833404776
0.06138086516086343
0.3190641645377287
0.7663284935807884
0.16164400675377416
0.5861744763180621
0.9685354506363325
0.24197961226012177
0.5494323304833778
0.8628713098154079
0.2833447963301228
0.5409870986429638
0.8415531055548888
0.2894224956009356
0.4943558113225996
0.4615733053000929
0.0001298872511157298
0.2267019697838486
0.6015302261780797
-0.07569066063349247
0.2464703826112914
0.5604030137968319
-0.00703035305603501
0.3947530856926931
0.5700347086836512
0.11229100216401196
0.5977774414455068
0.7878874595612952
0.2720258488005614
0.5533902926811864
0.6882478798389787
0.3060144938285183
0.617514749633109
0.8100072975607044
0.29307729091873624
0.7084818294126025
0.8640565111101579
0.2147402532308939
0.47094790064206266
0.8060382712586127
0.30240887730370253
0.5764723795803548
0.8001929009859139
0.23548455015302044
0.5668515186649452
0.8967519677483233
0.15172930056900572
0.47482237007296024
0.7018503271225065
0.14253297720372343
0.6578439032270686
0.8363110093429538
0.10233972979437539
0.5510167196259474
0.9118107108127497
0.053274432996190606
0.4560400907179458
0.8639136373284867
0.1090790457998731
0.4863926506972679
0.7790784541317614
0.014435067316015926
0.541226559251998
0.894993636479724
-0.0008675893670616398
0.5778332860315512
0.8754159437853737
0.05940288908103088
0.47532065640716276
0.746942693126914
0.09965514452325852
0.5712764808641573
0.806256089831581
0.164164628935907
0.790012070881609
0.8912348915877113
0.09239131564457165
0.5652507961854842
0.8089423614959244
0.15314858136647252
0.5714903874270013
0.6864684356944482
0.23679652353197903
0.7239880980484389
0.8716655959462609
0.0358588199020117
0.6911209309211104
0.8102656962925354
0.07784183297408677
0.5663694558572745
0.7417541946980168
0.1431048643871568
0.6109333110260542
0.7404340108535257
0.20723034507944244
0.5382146297549146
0.8823240879182472
0.13167647055035017
0.4728834951044264
0.8599979965322142
0.2281682774425663
0.5046351185573897
0.8787087137105771
-0.002503338369582841
0.5453580573304315
0.8120491109505734
0.03616787505013821
0.5102506344734014
0.7087411452791765
0.17973597111991724
0.626015194343881
0.9523081820354939
0.1522585316752291
0.56513770250793
0.8024631033669307
0.18087877725496154
0.5989964239406378
0.8198801873710482
0.1279995231632367
0.5516028080073054
0.7329500826841036
0.18602862078343713
0.5640189677729235
0.8649375286345549
0.3592161714007641
0.6383252725263016
0.8438284241548024
0.24104223754184553
0.6524966910669865
0.8446564224692409
0.31265921897782234
0.7213973393153476
0.8834288862283917
0.3374187684123503
0.6788980886996818
0.812726361476086
0.1665174971542694
0.5346149535510487
0.8646568624319828
0.1800424581321434
0.6038278980482648
0.7994308650313264
0.1911176813380519
0.618493177417294
0.830921961629902
0.25100537150209795
0.7384645214870997
0.9179286480908464
0.23116155120202153
0.6301220920300535
0.8700175322740267
0.14325484507967684
0.674909172444031
0.8051860629507199
0.11437826460926775
0.6404837637150813
0.881251285394307
0.06610273030504253
0.4598104975882866
0.816734848259917
0.24046794278225517
0.5056003202551224
0.80265996398226
0.1614580348328727
0.4479213076741298
0.6544972781804552
0.17558792256848108
0.39168014657168393
0.7070499698574817
0.13319181588117238
0.3650521034295848
0.7833832975364325
0.10719099622844772
0.4414113032107465
0.8910806742076591
0.040367227091565386
0.3739258388654184
0.9212726796637885
0.0025814190647723383
0.371392709860058
0.8704602079012812
0.04675060372996992
0.36225904208142623
0.7644744099041776
0.055569110221039206
0.5127942618379362
0.9007505450306084
0.026608858219459425
0.41957988350646863
0.8916616711945877
0.055296979750344366
0.5423984414251009
0.910950119611216
0.09263915312336604
0.5227187243323136
0.7815873313453253
0.16086864196832334
0.5406902923092265
0.8841622641492726
0.0914427300596047
0.432525321293267
0.8140326744828835
0.18067672586976063
0.4356006554372832
0.9168689807014261
0.06694728565345925
0.6794147528000275
0.8195253647715772
0.15670868828262136
0.7160060242785427
0.8187524568433069
0.17169963405743743
0.5910084594427472
0.81783818454359
0.06349984268172701
0.5355137590288184
0.7014661127825426
0.06529045387663132
0.5482653327500121
0.8429710246605138
0.0410693474911733
0.42199408165900254
0.7298550212975433
-0.06360783470413346
0.32194544490467414
0.6216845515154776
0.056355238412011684
0.38454690902751965
0.8515710673557958
0.03587280759262358
0.37011976671985536
0.754909671494105
0.10011544854289589
0.4563764620761728
0.8101352257796806
0.056283233378279944
0.43719168109568085
0.8474002989815026
0.06063996667628711
0.442734165380983
0.8323986535348247
0.07034608691702521
0.4270813861604846
0.6578394002512731
0.23170738905419547
0.5050344446847927
0.9004584275866112
0.2154486120765317
0.4452127197971196
0.8699051194942629
0.2129573857001593
0.5492866020868644
0.7823107866533696
0.2737554231203266
0.7701374312627391
0.8902537240442843
0.20236363815430447
0.7812136607947985
0.9220089195360006
0.04241647466940636
-0.09967984289842921
0.40697692500862204
-0.09168327314572897
-0.15437488605597585
0.60845429319264
-0.07653014082329418
-0.08849200303948787
0.5587327447431405
-0.053886184219759325
-0.060640523186294454
0.4429538362097868
0.06476528920480633
0.14105221146429003
0.6221889823841286
-0.12280468387920034
-0.09726459573985144
0.3814829037903483
-0.12902049615119993
-0.24744300345306414
0.4039629894956409
-0.13963189455107972
0.07047671564917157
0.631725419971167
0.0718485924627858
0.11433847785390128
0.5450700247274793
-0.09830419167425689
0.13614681681638538
0.7655437321348453
-0.12720657560961168
0.07318305670127084
0.7640597130740205
-0.0961096790822833
0.00738283003646794
0.7586464505269552
-0.11126989632100216
0.03392691156450035
0.37454923571915555
-0.09681643209179433
0.1616844155090244
0.7059910409126556
-0.019932514928832325
0.1949535051549412
0.5924903817226397
0.06385439601375616
0.23381865069413962
0.6920865393332765
0.0507759762656159
0.16891215798678502
0.39790141241934873
-0.12575844897352698
0.0981878513129025
0.5953990968470342
0.035081877446261865
0.24882840993035207
0.6895878273866268
-0.10779192647954139
0.1139054549003527
0.5350611184462646
-0.03082404576203108
0.2195880914500214
0.5647100143312986
0.02890928004725668
0.14641724851209872
0.282822793092117
0.14717664304326195
0.13352794090912826
0.44386096561212984
0.16608963519151865
0.28341294263143296
0.5567096166911343
0.12042150801107877
0.4323331016005503
0.5960898521993778
0.0785173576498173
0.287743173417273
0.654991541967044
0.00752174511186688
0.06587970101162144
0.7562058715055431
0.08888128160316387
0.3927099842472218
0.723012418216507
0.38956572883006635
0.4497214599789539
0.538727486916021
0.3083157584093704
0.2413771632912114
0.3928100919576331
0.18994748433145536
0.14438539697745156
0.43987928659620357
0.15925335215602118
0.20777920488733814
0.3538886375409206
0.06135660578205022
0.10844056917685058
0.6301511219792926
0.5588998145047288
0.012531553196787129
0.7096648311485101
0.4792469539887668
0.1507588287517903
0.8724219643351478
0.0028928108965933542
-0.40404617428528067
0.5098120922881189
0.10703042550451942
-0.1781694922983695
0.6274064124927787
-0.16783522017304747
-0.37161780971065894
0.49769587386250214
-0.008977890477758203
-0.12735184161271434
0.6168882536185158
0.04211195070543791
-0.05646299966278773
0.5655389765358843
0.03144122887395524
0.021270652598306263
0.665891252421306
0.021535093646680274
0.04285457325902135
0.8192654014897849
-0.08250486215003741
-0.08001053831747823
0.7738328554978109
-0.051248914191655046
-0.05977744007962916
0.8849451330369479
-0.009572039978478051
0.04790194821066052
0.8546500010489952
0.030052068102109884
0.05592553465216184
0.743015812977792
-0.054463401628278445
-0.1040747459205062
0.7721537734111172
0.08637318750422941
-0.004305050371332272
0.7573488667453983
-0.006901694198347553
-0.18586771734296986
0.67768033084099
0.019731648824516425
-0.11028584206298878
0.7944781785285986
0.07419318913257592
0.10256804865589564
0.8203366500735976
-0.03861689405776312
-0.11922976265601166
0.7579125082947513
-0.04409079388175227
-0.1382186129004861
0.640219741096151
0.20090875758282575
0.04038661303627389
0.8298480777566354
-0.04189964444127911
-0.007557528567924774
0.6517450624579224
0.05947603934196584
-0.02878688976271654
0.7742078445675615
0.11519249914741347
0.4036663208293857
0.19021665691193243
0.35768323392970613
0.41115299070402933
0.8179848790197026
0.32961367211660375
0.4649527157234137
0.6356297063452792
0.062118912031434916
0.006865091202078977
0.5423732662710645
0.05212985378617622
-0.08933446420407586
0.7151208357678727
0.30947224153032976
0.41994926443283476
0.5027338893176119
0.10027481594917219
0.2688597966751375
0.5904681868267196
0.17691109998906135
0.1587412461501208
0.4245175447366362
-0.017825149615427097
0.2013487934276415
0.8927337873172083
0.3341439068174154
0.23534776465478743
0.7933606330110146
0.20436893293542877
0.3141555059051022
0.7816207115224435
0.20517786360760026
0.14537776189605156
0.6252224181063306
0.15920109211455363
0.5169536928804619
0.6233608891517625
0.17105323899808694
0.3403762581859576
0.5032806423922804
0.27797562484909794
0.3210742454059421
0.5751811196035621
-0.0951325932159541
0.18790545389429222
0.2356758263000006
0.07713964543530381
0.12260813547274865
0.5328185633551783
0.04815637765527284
0.14570799606074852
0.3844869134644865
0.12536705929652137
0.24909479452069003
0.40504664993717865
-0.11620854534232264
0.3562020836754451
0.4545010705708042
-0.09163789426399534
0.07336785637352744
0.25316215275708776
0.06983465088881655
0.08770880251747182
0.49598365543712686
0.24521888661077407
0.3220666515127939
0.5352119172991875
0.1224100860290796
0.2156954582058922
0.5361300004213436
0.28074926423540036
0.5144014583037894
0.7345599548352407
-0.008499237645612546
0.5972859395486317
0.7261458279903299
0.054306383045642295
0.5250985428159903
0.9113709990837155
0.012904136174086325
0.3805221579604473
0.8838459385929327
0.25406065773881015
0.6710045091124163
0.925273641490225
0.21557450806124812
0.5070556486453486
0.804182412981669
0.1301658618487525
0.44748647311098677
0.8279057589641372
0.1445909567800433
0.47321212190281337
0.7996708670582198
0.2531253374434313
0.5229690521581
0.8236102377372572
0.06742763143010203
0.36547134775362744
0.5150994410275287
0.22781192598141498
0.4485064336155563
0.5262059581293839
0.20563704152468798
0.5111434616114875
0.7069822437891602
0.2721717453893197
0.4542105165336626
0.503780281537082
-0.04534396815459067
0.15758175920457762
0.6142870145305712
0.0431528148902326
0.3790394458880186
0.6660529961638615
0.008581856677482992
0.3876272434182947
0.7049649360707329
-0.06086568517916452
0.256421611597316
0.6603258330400106
0.016411765319947744
0.29239403819185283
0.6132292057619744
0.014322983403870733
0.24676977435268588
0.5028189960155842
0.043682321091415816
0.38920545927584965
0.7375903371149448
0.026513144814503405
0.22176022738540901
0.5650521290856645
0.15610124059594918
0.39299154898637356
0.5617310410719321
0.07574207441940946
0.3111102895548953
0.5967725349308235
0.07809022166119474
0.4693675351876366
0.6567231704938362
0.11247710158982151
0.37577514202795775
0.6445089408191575
0.04504558128118838
0.24004712908824444
0.5816671906228912
0.03195408684521743
0.243655128349128
0.6621499061378681
0.08542052177444205
0.2972601889463727
0.6396625362512247
0.21181625589924696
0.37446106908004945
0.6543536421989106
0.22121280078185035
0.5352135424096863
0.8129763355712016
0.30306354064583907
0.568753457047896
0.8619312471568841
0.17223028351327413
0.2709278642319545
0.6370135512009644
0.028978529141570047
0.414773954303684
0.752074262249782
0.10185724461803462
0.25691802058170854
0.911091130061511
0.08895787530732038
0.23956892718208767
0.8240299265242399
0.17697690000187294
0.32742223781869106
0.7811497356028487
0.1764209362019935
0.2868193570617553
0.8022562334895461
0.08384695961263713
0.35151137592259746
0.8538906493502807
0.15476153287295402
0.4370927109592231
0.8764517039782861
0.2736392560304518
0.4186895343318875
0.7123164180460528
0.08133013182211611
0.3312635448265231
0.8162215685289775
0.09111388159159123
0.4072888357718387
0.7905587026367455
0.07311991663015063
0.34462230152673967
0.7879212896564671
-0.01696811273485544
0.07807924375658704
0.6707650972485997
-0.11477196914763577
0.13186862461659615
0.6486690312612563
0.04586003735274224
0.2527663073592837
0.6561441395712844
0.020026032126255464
0.3077621937140224
0.6889936163965715
-0.08450091617268513
0.2754972646411482
0.7523818299303684
0.037827525869416324
0.335250605082132
0.7848043632126147
0.010904915855113086
0.3449049052071951
0.759179389412566
0.019493142170537908
0.12871318633633794
0.571466116508255
-0.08302927569613834
0.046278684312520746
0.4893533603360941
-0.05696495932160088
0.04551851783607011
0.6195085762558581
-0.047562994845754436
0.16257064200816185
0.7734919710086674
0.05260109973470171
0.23015541407362608
0.7053732873166482
-0.05072963612125805
0.11316707472825818
0.7258101534014132
0.03361849349934265
0.12243062336886482
0.8345868606467988
0.0023463134291224854
0.2130686185031222
0.8061074161546001
-0.011830368577687664
0.16786723266081438
0.8313366460886615
-0.01361930471230224
0.10942505730139965
0.7410301150433638
-0.08395676555502138
0.05547307548236398
0.6607372430733092
0.03553746099293223
0.2552896624317989
0.31762822146496017
0.08688324739969132
0.38815163605485725
0.5295398444090782
0.2000658513342801
0.322531841272477
0.6122973360573102
-0.02221891122374546
0.1097908751202276
0.3933151840304685
0.14336912979251606
0.13720698041508886
0.5799028708861784
0.005814067554069949
0.21926992501219206
0.45859177162259884
0.15699672433984194
0.24323445456483264
0.5620297353390609
0.3553419359245877
0.5269251619466983
0.09704499725058158
0.011346390313064583
0.5345222963972793
0.034585937704233134
-0.037025014024349934
0.6468723762548074
0.34896072976837195
0.31270124085731155
0.7404375240101893
0.3885534611783193
0.3858189350477613
0.7876836079938601
0.4160328144517296
0.7571026377858452
0.7134561000798922
0.5346186580853044
0.42204260769915036
0.6564458794482415
0.4280468101698527
0.6980404653722333
0.9013661120212888
0.7044564884736588
0.3204974184242184
0.36800517936950267
0.4356482774026194
0.3957029743600504
0.8038490697280964
0.8116730415280249
0.44355752967676987
0.7181229461380982
0.8265379412853994
0.5640424294306389
0.9003914318557054
0.9219977819198761
0.2989949461082385
0.887994154088926
0.6192417095987643
0.38518942682583224
0.9066363272701897
0.679878178084055
0.4361848049857364
0.879421701326518
0.8400029804183007
0.23683651826945123
0.895336793282836
0.699197558417729
0.2199825995729748
0.8796978406316344
0.6618889562001979
0.2707095306419349
0.6369813601323142
0.6304153454491327
0.5101140881268557
0.9603110906080758
0.7697478159335644
0.33693944766189743
0.9258832627418165
0.7142098430600086
0.34756422858465263
0.6926293433671261
0.6284073462537865
0.24285129278626721
0.5658041041107262
0.4377387318359876
0.4489908319970135
0.6198701814867491
0.32572392021964697
0.31920497581360713
0.8198565530220046
0.38497652567416163
0.06048444255316558
0.5434893674220508
0.5845791039063816
0.20454905597369036
0.5557196423098654
0.7733238723547555
0.3368815963090629
0.6693734434907187
0.8322882167428431
0.3315352758826122
0.7953791571681662
0.9480079939155719
-0.0662222578850045
0.5767905793918342
0.7513138960311958
0.06989341565167746
0.5207195905187509
0.8417944443781028
0.4285937673593194
0.5606681428956064
0.6436657225910021
0.2808529466681416
0.41887443811417846
0.641356230848442
0.2824520041554276
0.7087363086876178
0.6107317863542053
0.3270053179285253
0.644348098652465
0.8142574801669074
0.4059820329106533
0.7120351235053256
0.9050699397430992
0.3960218906118185
0.8418237021553145
0.7904093696801955
0.45528639027974904
0.7729093647381937
0.7237205007779717
0.4291987239678102
0.8760504368198543
0.8024018094668448
0.41415916710021417
0.8235217298518499
0.8185366336276874
0.3117188412597156
0.7766704316933065
0.7673586565384741
0.3298362999196158
0.8734567775585911
0.6906638229099131
0.3977214797841475
0.893659998413006
0.8008643129053468
0.32301100770992874
0.804412454497957
0.8154331393912658
0.4463920923476472
0.7535077397014418
0.7814139135700274
0.42966090419700637
0.685674809572785
0.8697248470593293
0.40050673512059853
0.6645060549650456
0.8931167767608479
0.46519549892360046
0.7917734960453684
0.8379610279006255
0.5466606106555149
0.7758583144112534
0.9233660873759477
0.5755423314135262
0.8205328483528573
0.9215522199728503
0.31809313158121033
0.7012912274994962
0.880010261762787
0.37928146927301537
0.728283264047098
0.7576752610371023
0.2654351829534066
0.7795377561218687
0.937870363243487
0.2311359811563112
0.6848388555455402
0.8874997889511015
0.2764635341453675
0.6879792669439092
0.8167821786024729
0.38650354148327937
0.7561106540007234
0.8651415167872508
0.33393049926419294
0.6538688365071363
0.7403430564299737
0.28768543331404667
0.6320327765265856
0.8344664428337537
0.31755694066755497
0.7732868278760763
0.8807892963788446
0.36767677083205247
0.7993203186348339
0.9200429502551052
0.11271740443879635
0.6477970793218513
0.42218932717864127
-0.08034198441279912
0.8043180047798184
0.2904714129114895
0.059090941457846796
0.766023543561561
0.544417201760472
0.17937589823730732
0.6068531534087347
0.3361971183699145
-0.03504575184671416
0.7620375175870833
0.3744573637592653
0.13798407258985335
0.773964122159224
0.38851106943306846
0.1886930510674158
0.9451470005015199
0.437532449773396
0.0023020151323191987
0.7097932430963121
0.6488687852772139
0.18255114380407125
0.4868783587565527
0.4320211891625484
0.04362705618136735
0.5248525304238024
0.44344711828350847
0.2860590217743634
0.9560148160335648
0.7826013917845687
0.3498627842012844
0.9186631792041091
0.8639209182992198
0.3286018308175312
0.8258244848983587
0.6770757271774135
0.1595505115667227
0.9037961697875083
0.8392245307750973
0.1721131499728327
0.6242169438231457
0.6151908371659736
0.2548117396910061
0.791323266895783
0.7887735861681201
0.3169651074690634
0.8227501645852114
0.7549627691319363
0.2691700493686643
0.5509064811517577
0.48542483416177795
0.34725062701975506
0.8695579731870127
0.7896309593171936
0.22100059625833574
0.9103937070322428
0.716559209328306
0.13194102376811517
0.8364099606190649
0.7922230115623122
0.2590144332175676
0.872121205487495
0.8219467313310853
0.2764060456584502
0.9479243713051551
0.9204925027611485
0.07195772340402969
0.65551854186202
0.40655092281734706
0.3657214377374445
0.67926898538456
0.5314843993796575
0.24743186991553479
0.7174739138618591
0.47538519000174184
0.3873421194085478
0.8006819644160312
0.5985545241323644
0.442895260260607
0.921389515734419
0.5513937945731315
0.22260385022392623
0.8647539076070854
0.5997640064186214
0.23992497722152417
0.6687994404550552
0.4153477257917242
0.3049426878166371
0.7372495571960542
0.21442984622586195
0.3071150554636156
0.8954566872209588
0.24596867834147257
0.1063140304077049
0.7301815850059248
0.16942388802983596
0.30408782584282584
0.6938300069844276
0.1345967238574381
0.10439353341305993
0.5703731292765526
0.6662516376710161
0.3600148113177043
0.7889500586566627
0.7182749105078228
0.28327270341817234
0.6870531648751119
0.7742016206994629
0.06113895980442315
0.6569972853066386
0.6005978737868316
0.2289563972860339
0.594614278637588
0.47834620911686726
0.23391678330653343
0.6299316046809605
0.5207513448989096
0.4740040313474976
0.9344298900706114
0.7590810906424944
0.22275436479361987
0.8572421322813994
0.40665430303868827
0.3056264143155114
0.41852463691751585
0.32047984866276
0.45563644599415665
0.8257846594190938
0.4400756162181494
0.327946895948932
0.5140870072084
0.36103818733034343
0.2738492744210066
0.7011586664167219
0.2875338200677069
0.26810212850294823
0.7298570005284692
0.2878377037814439
0.16286588395401036
0.16843027186768367
0.3079258653464444
0.2194071459159323
0.32061239146965853
0.42405462641369807
0.023273212482639298
0.3723370410542266
0.31063487147479124
0.44592036010422514
0.5946212300433166
0.3601419633584867
0.3596079423311398
0.3364950100882772
0.38552730189793516
0.33989485404074593
0.5565278446685932
0.4361678371560968
0.39844746203318016
0.5589803794696457
0.44305442813651474
0.2107852692077806
0.4073015583271692
0.3448836854027563
0.17557567079380085
0.35236661211149456
0.2872058298862549
0.14047381976108925
-0.020823300958666142
-0.04686991502611501
0.20119141081260367
0.12874990023780142
0.19049896647318917
0.4030829700060707
0.2830763145220655
0.24673234258597626
0.11079503569025756
0.21273322336875422
0.16128964150730957
-0.09219051932785383
0.24127733308533775
0.6743433907739302
0.06684848907335827
0.39705727052473316
0.3921663749375744
0.383446194934935
0.47208553544230913
0.28762516912429853
0.3675832915454593
0.22246738575581265
0.30615893291848795
0.6972209612543924
0.5121787039708585
0.3558011082102229
0.725543796727474
0.6297920278542901
0.45107020002164333
0.9036300645570586
0.7941439828686438
0.6209571937979692
0.7924993291019938
0.7542858716704057
0.37883961813732586
0.7385401423703901
0.7376383542428162
0.3852819030809479
0.7791185604397973
0.5203726407612786
0.49550074028558566
0.8464485356455045
0.7464477074445202
0.6510008827703617
0.6695402708623301
0.7646625676754899
0.8244342057760998
0.6760028335156598
0.6579542907562238
0.7543149498653683
0.6724043203872747
0.6862924589308255
0.5162952650874801
0.8097288406971679
0.6250575823093355
0.6280258406529929
0.9487875522938276
0.7571265358983426
0.7610967880880826
0.8164070003562918
0.6633201977130164
0.8545936221617738
0.6714715091579568
0.8542510451617181
0.763775402033734
0.8664875751690202
0.8153275991013962
0.8239898973251506
0.7672923433215364
0.9091234670862635
0.7463784062449368
0.7604823930752931
0.8255655686742016
0.8259795649485822
0.6995220606465866
0.6804388958327561
0.7775730204641145
0.821109524205905
0.8227078535188126
0.6596908643930837
0.6061858055384157
0.6048944725256102
0.5990168341086162
0.6956919276141021
0.4777290926395715
0.42266695242857155
0.9184372944179686
0.6303545594706964
0.7720753475200017
0.8414481456873184
0.7236468279594455
0.6549191108489768
0.2484198436801445
0.2374549074750603
0.49218671546518566
0.26217372122503496
0.15866376063068255
0.5399915827314856
-0.016707866384127225
-0.14583755892975236
-0.3215096387063136
0.037868788614512164
-0.0919511898909624
-0.40099708466979306
0.10442169962254463
0.09055482186408356
-0.02647926277989736
0.01942309331684473
0.030249027006076817
-0.04649930225507179
0.24434396693191196
0.18252162938635696
-0.12609899091066515
0.20701818443796616
0.444212220314784
0.05682210228304736
0.2401817446233022
0.4486557039755288
0.033447523939633926
0.29226636128180644
0.14373543317805298
0.15488624461875217
0.5203937310065128
0.31454343670582513
0.3003530143256724
0.08652802773926
0.1056084208567993
-0.07544624853479735
0.09351725042994917
0.17213785325915434
-0.09601139075062197
0.09601537671475378
0.17052503545365705
-0.10815089173153672
0.15378439625483972
0.14694257258761206
-0.05148194392199829
0.16449709326753031
0.09542626428261537
-0.0448757422456197
0.13703710505655148
0.2996193207785061
0.0798802751153688
0.26624122704853315
0.38977528225404634
0.033055632719680816
-0.011657521423989906
-0.006194908143758575
-0.1888653493623842
0.06833623681975584
0.028661752693767167
-0.23491754478392401
-0.008181760020779739
0.15265483951786363
-0.1829644105195828
0.19061474463209555
0.19113207252829909
-0.04590870997124975
0.17544922169615906
0.10244785484370358
-0.0603683591514788
0.2348366448867093
0.15138612958125858
-0.14751202789822923
0.14859958023547848
0.05192165609510817
-0.17843554359340258
0.13084926697881566
0.3271801566621198
-0.02241527125837542
0.5044474944377072
0.5692707177244724
0.48463284010546803
0.5947489285274878
0.4880550522031908
0.20271373124560776
0.5069386174827031
0.40878090320447036
0.3398475750366752
0.5076011309545473
0.42425111093320933
0.19454326650898596
0.5473911818431196
0.6276365101114016
0.18790584837592525
-0.085437488970522
0.17073421156861507
-0.1040775344294806
0.22446846828546282
0.20635744660283498
0.06410493886624061
0.15259132212434737
0.26990299141656365
-0.15648832177211358
0.02502748140412764
0.4178697458036135
0.009961385035365127
0.0749370972595173
0.48762741472893
0.16299727632222502
0.09085452499884746
0.35814616994932214
0.18390758148131794
0.5958367297279943
0.2534555838056742
0.31252136713206746
0.7925769475851876
0.2846549567756051
0.18019772604841555
0.6143397925034455
0.20727066250268353
0.31308814217695663
0.2339698402244394
-0.02065198327028408
0.2235611772531632
0.39373207033834035
0.1605373788067636
0.12949993761335177
0.4520039102495828
0.3015718742349141
0.11632287110954909
0.39707855637373984
0.27948121960471206
0.13092108356582255
0.41778517693468586
0.2402665124042378
0.057786329872907743
0.3810973524596618
0.1454168598199072
0.05361455419332993
0.600216038477186
0.5047747693968817
0.4159929627827543
0.480955056452098
0.5336974907755745
0.35733750497360517
0.7557945830034517
0.4412155313235268
0.39888012448422044
0.5689825198195603
0.2715725475929279
0.39005342911168384
0.47698846931125893
0.09952888986473128
-0.08204635728296249
0.5188164639384446
0.2282354141087426
-0.00042291788570855693
0.4930582093246678
0.31923591812822816
0.03474657359818138
0.2557124139114981
0.10887240221391664
-0.07631844719558312
0.2950074052193663
-0.06895710778272451
0.0668128352244054
0.07549247537160872
-0.028058902002837387
-0.16554567272323736
0.08053925557989769
-0.09325279743561175
-0.1542181200951172
0.48076628827347023
-0.07528291555567135
-0.013945150627541515
0.39599284636653426
0.005351109718201046
0.03194289921630383
0.5162838888136851
0.005625253839903856
0.07348387871528067
0.47363720755594996
-0.059892804613621085
-0.043286640419717026
0.2291916193261381
0.059824848337465444
0.056355474903406554
0.5384966865186096
0.2580990002849336
0.13592275171127893
0.6584278409236831
0.23208557292180404
0.10664332485005619
0.563456989476461
0.1378181892963291
0.19352421068250636
0.0318163205832722
0.20810492556853544
-0.07642972619752665
0.0007862141850991516
0.12189905453397382
0.18573030186787554
-0.08442657552307595
0.014007837428316135
-0.04205412582435038
0.2579616491803745
0.0798068858841997
0.16273135615758966
0.216393520529154
-0.08036498777083606
0.08955625302310105
0.15506617505455705
0.05360253322434249
0.04367165157274021
0.21243855958293317
-0.017421693563402257
0.041516414956854625
0.11577143541000201
0.07159271097731089
0.05046617823712157
0.48301487070599647
0.218518228509186
0.04987004824670847
0.5158590174291876
0.12031492636789416
0.019984142460035204
0.5726636982604043
0.09718595087813012
-0.005729433779797163
0.6663883811956981
0.3857344610277421
0.0981544392126733
0.8711325638968828
0.1597193329947665
0.09495570056405431
0.6117827341161983
0.3104607607889544
0.0994398774082427
0.6440233720125137
0.2811514287306129
0.2996697900204642
0.768110944061404
0.381289945888495
0.17181212000167653
0.8048400541413245
0.5034665298356941
-0.04610124145456189
0.652261122940593
0.5583819566983689
-0.08193808810432655
0.6033971163960483
0.38795495247669803
-0.03099198392435704
0.5264584630274091
0.23235649531745495
-0.18359722090639144
0.4624005302071467
0.29496699586505637
-0.27931375318195184
0.8541206942482857
0.7111671711719131
0.122108422369091
0.8918327448529566
0.7031165293872901
0.1438809811190302
0.8892335242786344
0.6124315593962454
0.11698654592462937
0.8458079080504843
0.5315493659643254
0.02658478917466334
0.8515933812291179
0.7103694462286381
0.20273443367962168
0.85406782848261
0.46820769594533984
0.09615721194846011
0.8683540045024881
0.5534540079451651
0.050285804667547104
0.7116116845786581
0.30618531455359616
0.09014432225445067
0.8016634597577332
0.8351896958729215
0.11941836594250059
0.7075371270490124
0.7266781599319436
0.36101778743163915
0.7658758511136081
0.6481893809919409
0.23222501787305358
0.8402610973098682
0.835677191531199
0.3421793684047314
0.8564503369035746
0.7225265111458419
0.3441405189874182
0.6329328272776679
0.5080640337592747
-0.05523735427221904
0.5223798510933135
0.4746309482958808
-0.05182478354466719
0.7412329758031944
0.8100185073763223
0.23232259596018606
0.7099590352248358
0.6349601915462615
0.08905356083475635
0.5892816389956506
0.3033053589633595
0.3402775563770424
0.9329860997534027
0.8204464330666974
0.297036018649691
0.9276906911097573
0.715852563387614
0.31228352956935523
0.8468067694649004
0.6228815282851856
0.3930888402605825
0.9297404450803699
0.6783654360414018
0.32173856409918433
0.9128653610108843
0.5863664316370074
0.4468733949494278
0.9160482401960244
0.6426861040860259
0.38340992981110733
0.48365402379401934
0.6108841409219548
0.1644194850713645
0.6027622663580017
0.39679105256851704
0.11202410313017958
0.6805443341416504
0.5960286961055908
0.2635156453234972
0.7637652360862669
0.4572727816077532
0.2758044565160692
0.8133933734485576
0.5509065150593955
0.2356204426983851
0.934023371206257
0.5831778996696697
0.15760131865958987
0.712746715782228
0.48287096690466297
0.17997498439388782
0.8404610339603538
0.6241357349742858
0.3719960300783082
0.7826499658722574
0.6642287843689145
0.3611490641555078
0.6292793758693309
0.05746819575675348
0.0678366957310632
0.45771847514424263
-0.02279915369546702
-0.010015089293880699
0.7766145422560439
0.06432708200974686
0.28708316736366557
0.83761784947965
0.09465655139599666
0.08914246161577943
0.9060888067563044
-0.020025771881879352
0.06565691603607729
0.9200381895708947
0.07274925947636343
0.14007711714147397
0.48826939929629803
0.16625885291331938
0.0786675606935903
0.6980892416770651
0.07869764775199829
0.03533740215108897
0.6647825234750919
-0.013364234700612916
-0.0445816996929599
0.683796610349887
0.020672554764976717
0.09811812486657899
0.5495182369828641
-0.021895162414180935
0.030355606627452916
0.688953715272909
0.041023735581136894
0.12678916332071688
0.6044992223089376
-0.17022024700149962
-0.16017135493402596
0.5089873333828532
0.30125084480033226
-0.0021350340991532365
0.43115460956380386
0.21730842788919752
-0.027975789340972997
0.6277074182333321
0.2445513245191332
-0.0027791022848222455
0.6837191652618364
0.26349121565600625
-0.019776507500972068
0.5952375245407264
0.28014939474636347
0.04401637067536123
0.6135931153796703
0.21734859180852906
-0.07634534427725066
0.6120423384161606
0.1955125611865638
-0.02081781456350481
0.46556206954287854
0.06099015638726054
-0.09297254433526402
0.5845096584890555
0.29802959561617237
-0.025407928074078674
0.7431842414094694
0.2968645716796089
-0.03798521651084416
0.5222917337131618
0.1735247982048026
-0.08198075073420492
0.562205138157414
0.175758590286186
-0.21053190020992446
0.9794157547026943
0.32959753169720046
0.034163990523543034
0.6881727330844061
0.25830745102774233
-0.05743999203004528
0.4472358771556739
0.09710750430622037
-0.24445067717558466
0.5285681720715852
0.190798015032659
-0.14421925672576658
0.4937293898974
0.09774125749609042
0.03205107180077276
0.5879797252611945
0.23353542890991458
-0.021664769714500265
0.4688029843764189
0.03715135775259181
-0.09453864982666434
0.5100470830066549
-0.015295257918247561
-0.17087291609045963
0.7134582173901325
0.18029114520696973
-0.21600337007369225
0.6071420461460848
-0.020874454023404786
-0.0858576756639877
0.9196500158601016
0.4783377801971792
0.2266065977964382
0.9310272781771475
0.3428144673230493
0.29581731552805984
0.9188326118336896
0.3315562455037965
0.04527590388943888
0.7075915410216715
0.29235449641247446
0.1345970096473117
0.8673858071272199
0.29152124589450246
0.18028014876192971
0.906396779233771
0.34667654760076294
0.21700886097975053
0.8039829349948013
0.4412716514065189
0.09709255604915665
0.8570208694910408
0.35403983392842775
0.027643460853087946
0.7544201331611703
0.28387680173311014
-0.03756049748660081
0.8112524787973906
0.08948370371642395
-0.02194163267651448
0.8832218033242182
0.09494919031767682
0.007159115325949649
0.9019940810382763
0.07663750534693298
0.010451913273273258
0.9398058132997802
0.2098119965601543
0.11634614947066402
0.8535968912375104
0.18022192937069742
0.16783325986658226
0.9010015566473716
0.2692067652654049
0.18898349709447332
0.9391012318645484
0.39072121089712075
0.19874376204564229
0.8167864707305521
0.1757682234908345
0.21583759356621257
0.9382131462121681
0.33023247856688753
0.3973266625289209
0.6643862903446776
-0.05914720621558512
0.12025571865781123
0.7323049783541643
0.23782734577048503
0.2144264270130321
0.6947809978178549
0.33764776943942193
0.20223601830022353
0.9071338972164218
0.7824394556515569
0.5134806800055254
0.9475059104653479
0.5827980686709016
0.5593680864847137
0.9561516859829791
0.5821995515278695
0.4398811994711368
0.9157981821167513
0.651944136809039
0.4729583904382544
0.9606764120320244
0.6673631748793851
0.5197100965212682
0.8475975508301761
0.7320773521914998
0.5706249218274015
0.7927796657224675
0.7398773700841876
0.5642518647274043
0.883589223851395
0.7026946993694287
0.7194685610805176
0.7500439918210522
0.4490750818807545
0.37715853771648195
0.9058464978178278
0.4127769288690909
0.46037383225891154
0.680201483269969
0.47606047642204435
0.2671658204045336
0.8757764841625062
0.48320277400826184
0.3114372160714681
0.877715207037965
0.3256551339055152
0.34655473244320667
0.6653634245166753
0.3976003768732067
0.2912533478564975
0.7957884513431419
0.5275114336337838
0.29588450976030417
0.6510018419676966
0.4773182094925179
0.17564649256820994
0.7638808652872016
0.6271345661056931
0.5626671622135465
0.5036317378880172
0.36126282742989485
0.11860573867916233
0.7460950513593443
0.46429939504332507
0.18805111935660032
0.9748906363262572
0.49444476680410065
0.3387161258159055
0.9031239153299899
0.4496796413194777
0.3654359757205864
0.9732404393967478
0.4575805512604668
0.5084904537932089
0.7201349338765897
0.3699002523117273
0.12958351561989126
0.6512181043984631
0.324445708386025
0.14967547104938356
0.941847851311117
0.4834820358223662
0.39166607038116574
0.6501895005304612
0.17578062080518206
0.19134387491989077
0.09190774510850322
0.22711335449065034
0.051978078428698414
0.33287120430355077
0.0056744102275603225
0.11825574775549282
0.1980711770278531
-0.16482200731803873
-0.2077135006801718
0.30361215016244414
-0.2618835047233094
-0.4586939177294871
0.30222207840425214
-0.1463953331367004
-0.34358126879016015
0.4980819183735372
-0.09820435203478664
-0.02385869795734953
0.6281946257948473
-0.03917417308904404
0.11448424458090715
0.6205456814428773
0.047122374763295345
0.007492851524931456
0.5324911558637418
0.008057762356258281
0.15243539423234648
0.6269368598363416
0.12507083185307333
0.34908575459822894
0.5984701981885412
0.3311567639775975
0.46803673376776705
0.18409710835083523
0.13932549289907364
0.5480633242404332
0.637233106071387
0.3336301266484324
0.5007536204554938
0.4069494383661304
0.3285842121165844
0.33486058623665815
0.40211169942577485
0.17089700948194078
0.34306426616241037
0.7119754010791486
0.3958236438909419
0.40643245784097737
0.9555237785007986
0.4706655365860948
0.4955146974952501
0.7483240337457678
0.4487611706296394
0.5836571606015486
0.9368266249529775
0.4445429093147343
0.6688875076035681
0.7072568118314095
0.3436401450692525
0.5815148603744307
0.8660215012879988
0.18945129186755752
0.4251653498210625
0.8376874902298197
0.3542555634083405
0.48326292322739983
0.6491779479602044
-0.098844296246448
0.24402166091288782
0.7202688977792032
-0.10364004553090075
0.4069007597394818
0.8031804942625009
0.19596606711159165
0.5383259753447174
0.8330188756704431
0.37022134458037453
0.5827397305522606
0.7022741781056758
0.21268322315225444
0.36724822505436017
0.49708235110268806
0.3129315551067462
0.28577851281336913
0.7454727691397499
0.6233254376179943
0.05013868175720977
0.6861620648637141
0.39946998814386325
0.18517288989046726
0.47179105889624673
0.7184641411825953
0.17831606359130994
0.49916567580591686
0.5530077146162818
0.602789375907997
0.2701356986107499
0.4179345207665733
0.2872282525910895
0.20586526466066157
0.6672112709324349
0.27575130279610777
0.1172260776741614
0.5105417155190954
0.21583965514311365
0.13645499127167485
0.4116031952589415
0.37013083104035116
0.36794122527496476
0.3617809346443419
0.3859667192414476
0.40415964963215356
0.26587533525666096
0.33223426473171
0.7106672571885861
0.17961381753933542
0.43037157185843467
0.747335731167662
0.09585708686115847
0.34395278363411674
0.6065206925582465
0.3429513139208791
0.5323187965250478
0.598652552808151
0.12476094390121673
0.47746312160047444
0.4647140938495442
0.299820884089606
0.31262020999377155
0.6788024630892151
0.6840604124238254
0.7137291538548703
0.5352135782852695
0.5049283266796789
0.6392985238818887
0.5951207659852331
0.5708314949653656
0.41852902919644425
0.6300907813908844
0.25392857589567075
0.4408921229267909
0.8012299553673882
0.477583485893757
0.526746492919433
0.8722001134822841
0.5641271633158742
0.6327333747349405
0.4370666398975471
0.28641456083248806
0.3113147086986283
0.21521573855057025
0.32038397332216073
0.11251279845262924
-0.04888547989551942
0.20075348302501728
-0.0943409562172456
-0.006275320121088191
0.14008995776704303
-0.03248214939996302
0.0854776840160759
0.2335826962722407
-0.01187761847929479
0.09304029704425346
0.24391391380153238
-0.010055865240024296
0.09955837464462343
0.16663921275108795
-0.01761062354602812
0.05160984898008154
0.20899924838888362
-0.02011734095530144
-0.02964689209449438
-0.01077106438626246
-0.24259597409965025
-0.04546414216547294
0.04707807851783831
-0.23142207273979598
0.007926720040458827
0.16724657516827293
-0.07713161307120767
0.07929654468745667
0.2596470107844299
0.001126517727700109
0.19311809276821257
0.3314388465991355
-0.024949737799553423
0.04840306837341478
0.1654532811673661
-0.0822287377901338
0.12287729172053971
0.31274845279422714
0.13656725740463158
-0.00022860584051653463
0.2544753133703591
0.01367881236626366
0.024013441997836046
0.16950448105994398
-0.0024714905275412813
0.04033958509513844
0.14722272322450394
-0.20737151487541539
-0.1751066087285783
0.12727239755634712
-0.11437931665345594
-0.019145320350525886
0.2010582126800614
-0.15833233622803145
-0.011856085030372561
0.29506342479431824
-0.12604229552651247
0.015931548918866563
0.242590841917659
-0.08542230247054126
0.005587894238556969
0.257386662978456
-0.0883678126221457
0.21763461239273507
0.40083922577786674
-0.06655793911177357
0.15922559801664699
0.4088892147927134
-0.09821157461390995
0.05994832005023677
0.34516580211831305
-0.13259422435096696
0.09001096099653469
0.39082673709207366
-0.0628386034615681
0.07305109918705828
0.38945489585517057
-0.07419566408332576
0.12685271371582219
0.37028935769540616
0.055860776652795076
0.006834498242567023
0.2425308216006592
-0.10463785624245282
0.0879069359820283
0.24985198708824194
-0.027350954520637977
0.3030150551711993
0.5471998885240265
0.1223237674387519
0.04367906276299573
0.12301491710270271
0.09119244976699536
0.13509448499408738
0.4191966383027773
0.05750828666733543
0.15088633028877962
0.4152401057455237
0.1505689653035042
0.24170940395856766
0.35377830852732106
-0.1349291987075088
0.2081759484631828
0.4638760732298381
-0.04681516703914433
0.10343466924063217
0.22662680237114818
-0.11725324019004157
0.24480084849999156
0.25938344473764313
-0.15515192788324939
0.28740041313637055
0.3562610901136275
-0.19411967211666553
0.2204548277369051
0.2417430911717737
-0.06427892172599117
0.2464926260653483
0.24384761959161533
-0.09324387367779452
0.24348942345457297
0.35863825075998584
-0.002233831168894687
0.7250143088616795
0.6645064056605614
0.07541968182072792
0.5351472560731965
0.4225637445374042
-0.2531546801612483
0.4245109428596001
0.34199125973267425
0.11076194722708607
0.483385999027266
0.3934906829126809
0.12047765538252435
0.32410314474192675
0.3451414205222627
-0.1265834719627638
0.5849014899577768
0.5632814050182964
0.015190486482428225
0.6254607248674828
0.5037885123483105
-0.011581929640526695
0.5757771954059054
0.698645096363407
0.3327630382740052
0.5132177821890184
0.6634178442593297
0.147289859394848
0.47229031927620735
0.4864780288177831
0.21673195156986075
0.3272037308418467
0.5395001477598785
0.18290946613833184
0.13668119518981775
0.4983117938715834
0.11156832543989895
0.3015473797031967
0.5870434336609927
0.22779247758454255
0.35964221570939864
0.6598224743296663
0.2671322772310426
0.22447796308509343
0.3451210233557388
-0.046529506623402314
0.432208760657109
0.6572095328410101
0.017788585594990067
0.3909379576094506
0.5862528574202712
0.04076328404209554
0.4078200426092985
0.48699401508982726
-0.042786188473159244
0.4383817091995701
0.442747043358273
0.019060319273196465
0.47796155556066083
0.6976606274580458
0.10067615143746174
0.3314670740720129
0.584169504786834
0.057289943745414525
0.44341579079471094
0.5122577227914757
0.2566155869306217
0.35754207046115577
0.6458184987755617
0.23380953936952673
-0.017819572722421663
0.5673335942822645
0.0646345820986706
0.3496045368988068
0.8955586834450998
0.16525653538116955
0.3097144414165681
0.8969543741281456
-0.03399140121257576
0.6064461657113103
0.878103271239423
0.08596300433362278
0.5555113693079927
0.8952608343894761
0.1181530883026134
0.436939335043824
0.7678969569939573
0.010438697162036704
0.5980203259181399
0.8210618722317529
0.15197296627126602
0.3315718433533058
0.5793631710847976
0.1220561755146844
0.4827415957924518
0.8157341948842134
0.3155364494396595
0.5921778944866263
0.9060690437805394
0.3832252575895548
0.2854557250073021
0.4858565901769378
0.08769070379973908
0.3941528564361273
0.6111927266125743
0.36892376721119613
0.41877662945954525
0.6839755742367097
0.26357976909767405
0.6588724647932258
0.8611184998946209
0.325312810740232
0.5570820087785794
0.5515931970109808
-0.00748683122529048
0.6631570619685908
0.833452010390004
-0.05510618093983681
0.5748136208274364
0.8268038885542826
0.2859124069557733
0.2999981861147863
0.5658360299721614
0.1485797631527438
0.3773535077607312
0.5484588317731567
-0.19881457639214029
0.15868270895039044
0.3154259099895422
-0.43910454634605267
0.37511284328600314
0.804513352258619
-0.11090449389678092
0.6705997660091778
0.9045216306757334
0.06279100896835364
0.5144054415136041
0.6663189579116056
-0.09213036643153742
0.37071949218065803
0.7309438782710775
-0.02305510707384168
0.3770660100118334
0.8550795789057685
0.23088636893300757
0.27791685566645874
0.7723975988614297
0.03189083607389198
0.23644216316839223
0.81396541387855
0.11799330081941847
0.4922869846152569
0.7356120546572051
-0.05031814592620799
0.3162829081466471
0.6009190752723258
-0.07453683449193055
0.36759734420308154
0.6987910729225101
-0.09453089784344429
0.7116871759358567
0.964703685771247
0.2503202381116434
0.5549907286480795
0.8320138538660914
0.2738464587155936
0.4117274311321273
0.9182333171678398
0.09247058599339603
0.47361225334724516
0.8832500025878849
0.3244598416756693
0.4502164035096381
0.7467719699910027
0.15078689580076254
0.5724334608098316
0.7496216766792672
0.5438991179531567
0.299330934648922
0.6121446182698385
0.33513280294794634
0.42273203205215015
0.621546180232672
0.35574617078826704
0.6149135445628102
0.6365394164812197
0.37362364183239405
0.6074348023100543
0.7226991134499312
0.27736965346809767
0.7949755292139922
0.9371253618957427
0.5146745065288503
0.5229178938863701
0.6908700278510631
0.2999870865427494
0.6747310151653099
0.9463432971750129
0.4889886111226475
0.4286490774154177
0.7388127170697292
0.2976081269238866
0.5751768972547269
0.8787664699836337
0.49772802537780025
0.500187802125338
0.8599065979842169
0.5519169990284074
0.4319767216047048
0.7270366798752239
0.33762181061227087
0.39543255160797647
0.8326795433877867
0.37514944905580083
0.3061874559906259
0.816265612076577
0.40363639189524936
0.426379193087467
0.5007629042806754
0.11619805590151003
0.5219654050725944
0.8406091968463065
0.3927786816397325
0.499977432659074
0.7780665651676308
0.33660063876648383
0.4065085874419812
0.602199304067589
0.20272569864559892
0.3331677795296708
0.8010374651478832
0.10869756092615289
0.823582600222232
0.7908692579163319
0.17014796919123376
0.8226965213845099
0.9293501596873461
0.21384741872418633
0.5792392049664068
0.7130623192857901
0.14732107314420007
0.578158371980991
0.6353757534765927
0.18606309351884065
0.6658751277032231
0.8783684538816402
0.15228389901853548
0.5861842646529053
0.6806934897435721
0.3019904340710756
0.4777261082525952
0.5963942965822019
0.17125495868087345
0.49649097509413775
0.5439720062640405
0.3516551122530247
0.6949505068007071
0.6539420409814436
0.32102715317357866
0.5310833790327419
0.7327074856458777
0.13429068246014897
0.5242081983747149
0.8056028071092612
0.20314644837369136
0.5498636711859575
0.9183579743685004
0.21568632547639366
0.5398872414171509
0.9376657154012826
0.25349156629927627
0.49480481412284455
0.6946569836011365
0.013440158630566204
0.5194201237820963
0.7429955339536245
0.21618633098802145
0.4776450272253425
0.8597682355067625
0.11735967139470041
0.696144025096818
0.7819493284704102
0.17527353591235525
0.45270803481031097
0.7014323811784005
0.13317934433219933
0.6218683394173664
0.89415178309624
0.30626743445907556
0.3425640292730768
0.7856609591146103
0.1583982630557795
0.6670065629406013
0.8949265544697267
0.4664916092341266
0.6369557418162569
0.894139950599172
0.4470142909545427
0.7696638126246043
0.8615666000860732
0.328450672534101
0.5622329975120631
0.7692957496021797
0.3612721437458597
0.7676315807984408
0.8363138472254484
0.3199782145397243
0.7184294211039333
0.9025343032678628
0.40796961366071366
0.7487080563600532
0.8140761001387631
0.47907422502936453
0.7007565291292182
0.8182688673920716
0.5256804249586757
0.7708405596899298
0.8706025346598312
0.486818988757023
0.5093882214815767
0.8467978111478911
0.36706952540805227
0.662829651183535
0.9469034814844185
0.42199014009748637
0.5335245808992077
0.8796529084403735
0.47275869270154236
0.7212360713863704
0.7116674741361054
0.31069855629666976
0.5907075143395716
0.6242385233388792
0.014469967267561716
0.6120382600715736
0.8304613546089092
0.18646714907738637
0.5308036719374446
0.8112391282974549
0.2323955894988902
0.5582135031813039
0.8345795209822306
0.25728441459418994
0.42893199286519235
0.6062479209128976
0.19483825460789034
0.7966633970734738
0.8394920218265074
0.2611866223777219
0.6694493518138751
0.8426166894783054
0.15183415103964443
0.5598425068874155
0.9094087641857935
0.1864670367296739
0.35386107192518285
0.19968435720901972
0.21874289435577937
0.37604271487560414
0.42378698577636875
0.22182067065091532
0.381430315291441
0.5557943217281847
0.29686146142943637
0.5926670563146093
0.5078533535659626
0.36266005925467604
0.44676203661333297
0.3983055691958238
0.1738423989645051
0.42682565735552946
0.6281576846334294
0.288341096465477
0.18713466823100564
0.3509643592805306
-0.02184320262988922
0.4321451495744287
0.81005194949721
0.184904449901999
0.36565350571016597
0.6169304752235643
0.18071982012116325
0.42373077841280027
0.8080592707096017
0.36033544496032066
0.4867668330272209
0.8493936984974441
0.4216872276589244
0.5311873650007418
0.821773445019063
0.3837976337198804
0.509487816116557
0.7985110455969509
0.44105012735605215
0.5141094600306296
0.7047098302141466
0.41553301527092806
0.5223380414993404
0.815935985954596
0.3892146563577846
0.49114783195394207
0.9028551763851687
0.26793814467687627
0.4493479979076026
0.8426958100387782
0.17325461271115006
0.48520356933674536
0.8583567135670997
0.15234222187146568
0.39652895231451046
0.7864984792859087
0.22522835200822833
0.5156995296579172
0.9385682418985835
0.35886345008502457
0.3805093640384619
0.8620627542736135
0.23773877283895845
0.37555057462149893
0.8300207331661249
0.22865637289634305
0.4166978138235484
0.8580412092671655
0.08088512984109913
0.36223229033645343
0.7880864927789843
0.19709097142570106
0.2999658300683948
0.6290813043052612
0.16219040979430305
0.4002017147622606
0.6271122347449736
0.09431114863212442
0.7179067460575109
0.9460801669845313
0.29207912279864456
0.5206688536706936
0.8792830389734638
0.3765469221774246
0.3216065653948498
0.7761561673314843
0.060157122637425425
0.26358834363897377
0.7571830352850546
0.032920473361032154
0.4036311254775866
0.9660111396659092
0.14377762319510431
0.4124462775134497
0.9158777124594709
0.21762254319182456
0.2814013335553254
0.7388176253848314
0.26686377494328506
0.15572445579458233
0.7718569356599615
0.22270268735247034
0.1896407098037215
0.6887313215092379
0.23683375379229207
0.3278283055648621
0.8158105453795093
0.41283341263353546
0.3283396934343695
0.6942451846484473
0.3729450107677035
0.15868107215879623
0.5586868882695851
0.3339950009349163
0.10271190117933868
0.7088194978762232
0.1376134182823307
0.2579718331110701
0.6463151007806733
0.3564304166174965
0.5071255988884051
0.9081322747011694
0.4453611106847685
0.3875952115295863
0.9132275555093169
0.44262387089154076
0.48885443157022124
0.9653161208312326
0.48640897094775437
0.5118296306460365
0.8455249240712798
0.39075569693331386
0.28384416898388876
0.9212194374535645
0.3065591229089323
0.28927688356532866
0.9479440623134028
0.32177899674226323
0.40710519277302215
0.8691185983110685
0.32273270412520316
0.4389196973816466
0.7325733033948147
0.3023940836837663
0.4883927680008753
0.7697053429139412
0.4915538903643707
0.5317253193963406
0.9541775655878642
0.621951869147015
0.44232313974175513
0.9473835571220734
0.5505574528200495
0.569703749437922
0.9684152284518006
0.5634342093384057
0.4850801967888535
0.9325885822616159
0.5236915649142355
0.14533533950520489
0.6045889288044383
0.19569956148110978
0.2349124760603758
0.7652227778933083
0.22857518090944487
0.29656016024013115
0.8584807137175069
0.293879171039081
0.22153373901771456
0.9532479886523726
0.2547613591569292
0.19301354060568054
0.824817749176231
0.1784607416724842
0.10341647248246916
0.7035707034564487
0.1541503819705804
-0.03942482101650909
0.7646939231353163
0.17803843293747731
0.35565666419175723
0.5261759361194044
0.1404453914283668
0.49627552414872
0.4586710362764943
0.13551899299759004
0.5408539561471232
0.6128514140004964
0.3901989462317489
0.30579244850415066
0.5122644740746369
0.43835443168702215
0.19723025966620805
0.5978786702922214
0.34475979727550615
0.595828253250642
0.740530215700909
0.6970863654911736
0.4705050724272728
0.594982579604679
0.5003050555056779
0.6264654611543512
0.703352663413191
0.6766930774980116
0.6675994943192782
0.7208307612283458
0.585514770491117
0.6064345054915541
0.8358680445608866
0.5257982914656049
0.5370975876602264
0.700396897452065
0.3763627167096172
0.05565580038660938
0.0791970079563048
0.3806170011576025
0.19587109390650723
0.3351427839319937
0.43137793154816806
0.06215117830341163
0.13858396562854242
0.12115801230174
0.16324424401617335
0.8426151140312617
0.16118086224551054
0.3007692220879265
0.6709309535855551
0.26610301872637687
0.3404527020149004
0.7893760671572416
0.3415434339557885
0.27902016677854724
0.6596478165441673
0.34311903226388213
0.21972979306785606
0.5941760110989256
0.4441373397043791
0.3037555980178259
0.7883923411470164
0.6076717676854588
0.4798143746185483
0.915300445350532
0.7094228974153782
0.2746327100125301
0.9104366415970565
0.7322722872430969
0.43609373148256625
0.8358098295444192
0.6476508653454942
0.5066606854514677
0.9553242023253514
0.6273433917886276
0.43602924238964536
0.9531981599288066
0.6782195518922498
0.5376734623624994
0.8648940778121095
0.8285957428719612
0.5673412420484087
0.8778443158937963
0.7757248673260626
0.5334326542137093
0.8479658622244716
0.6099895420036592
0.5298834185873076
0.9018929807076201
0.5595589414751532
0.5172989673926929
0.9508314646569656
0.7280027656840524
0.522323302900454
0.9058616137206219
0.6641553662413042
0.5357619007710033
0.7759885232793569
0.6142062127983459
0.5719352621129443
0.9397100189078225
0.6122900328151375
0.057027279039154735
0.4532107404043775
0.400726662534731
0.22901503779959143
0.7679992308053406
0.7667502965977472
0.12021801916075625
0.7020930127143032
0.5471635958086032
0.32892372048873025
0.5267377527296239
0.11841575530204965
0.3656954111866033
0.45714839504028726
0.19325583475608651
0.27491002039958523
0.4443191208085272
0.07525144885371123
0.34149087687713425
0.5157458256858425
0.09759303967633041
0.15628104775655444
0.5641049983852521
0.15949618346768046
0.22042521336777776
0.7657186039973101
0.15590842671423163
0.024131373551985545
0.93302740637102
0.07919165952871587
0.07831161546980411
0.8596364375923151
0.007907133811368951
0.013652121019033592
0.8554804227473809
0.04577115888526408
0.15042156652285382
0.8463865836158534
0.041373453233354486
0.1710037390006526
0.7691075641604422
0.03212219696297407
0.19936752469683897
0.8158838723505756
0.026228811499430377
0.32458996459592643
0.7591747470033888
0.09403356685910039
0.18568820033599803
0.7656988421924408
-0.04306488259431593
0.23833957520429236
0.8510759623884027
0.08702797529860506
0.29518877666413834
0.8212424673123021
0.12243931802776864
0.40408055652658553
0.8070290318271638
0.5004454788983739
0.40159809713716266
0.9405432434858265
0.6215899337343023
0.43311188430850367
0.8633594804095868
0.6498999383859301
0.37975869962654785
0.8962046651223825
0.6479093281140437
0.34329082442367914
0.8930012658765021
0.5945294060387605
0.37421120041231415
0.7517683646258624
0.3697430471441505
0.2698111906541314
0.9241183013959852
0.4803489441525398
0.23984232466484345
0.8067967556725641
0.4354852429059436
0.26302004609420093
0.8644797041404603
0.4653555608607981
0.2939250186059096
0.8166582125265249
0.5823801933512845
0.2876430327074929
0.6986330720434634
0.5178155151144661
0.45753188588352556
0.8142854199307388
0.5926366728572416
0.48778881136917907
0.9429709575986448
0.6868419892163526
0.4883243316373389
0.9084131512307352
0.6483333432337184
0.3875781797624845
0.9382690727411753
0.610596550568941
0.47447170573035957
0.9244513842630311
0.7037871578508628
0.08940927215152646
0.8066141133050138
0.5227119157316209
0.13494835347038792
0.8675565766139715
0.44281331913706307
0.34637713016216287
0.8190809304730924
0.4560828619120836
0.29697333227119693
0.8934427936696382
0.4903759366385789
0.19025582417722336
0.8740275627448919
0.39195367002710213
0.15346319845947948
0.6741805187940474
0.3331398035872688
0.492100883527214
0.7588498094461236
0.43312998433695904
0.31596375465995075
0.9519611985421803
0.45834170062326296
0.24430304549293352
0.8867543503920874
0.4458224579751798
0.5030974687769783
0.8791355718488352
0.6616081748587642
0.6121006406960079
0.9240673650827289
0.6884901327001427
0.44176487258193736
0.8046241763534079
0.4515064342937214
0.4640877588975362
0.8565896953733552
0.46880735969080833
0.4232614913097187
0.960263166597513
0.4417331146637338
0.2723861584789284
0.8270162553623777
0.39909817172317574
0.29133917430684386
0.7138512931167907
0.41304938964848564
0.4436804947321183
0.7921064005075673
0.5868774925375018
0.5281148369749317
0.8410206084226325
0.577304261977246
0.1266548488890832
0.7976540430961446
0.5206618880994591
0.10767964526002866
0.9100278361625378
0.5466141354825254
0.02901570710620294
0.6507245600321163
0.4866672257617226
0.08642471555573782
0.850497486475598
0.48422904328898536
0.05093505917075869
0.6204742274879561
0.10553095594521443
0.28039676077729764
0.8467658055513728
0.35971918872812125
0.3530816274223675
0.8721152731558337
0.3946058950727489
0.15850607897926575
0.9312836040732281
0.42364508892988173
0.2717772080943025
0.9299886668741583
0.5242939161745495
0.1952504033328816
0.8754218337079656
0.41465818988615166
0.22220805386977463
0.7664607483515392
0.3288445275136968
0.03921603154690779
0.4578790674734433
0.2791941863037617
0.12704877042520996
0.5777074010785999
0.4855694895153989
0.18409628441957698
0.6058100565144379
0.1261765090468591
0.12062743397100065
0.7496169337014709
0.3075475433905999
0.2103460697854575
0.8877268132247793
0.2608535281325107
0.044179644308570014
0.44512738106637917
0.15798503980068396
0.1612644191545512
0.4682854426736678
0.27965910925069637
0.24841398628687744
0.36454301965856295
0.08922011966433949
0.12523380396631434
0.29377731197766066
0.16633576306926154
0.0010206719564266296
0.21273599974480578
0.07152377572405769
-0.13399175744534192
0.3692243399201053
0.39374936785928666
0.04051085121852001
0.48348823502669724
0.38188996498547034
0.20858437783305195
0.5819506227218244
0.20981952748303695
0.4032113945536915
0.6456682054759112
0.46932114957532345
0.15764204807799773
0.0348705576653589
-0.21564215092887612
0.1166526313753036
0.3069587079368481
0.07280626634718555
0.14467180625549414
0.19266038954001824
0.061006084802005145
0.05935188099220096
0.10888736271938382
-0.08488347413469327
-0.0643177530371568
0.07283115603442435
-0.12925081954315032
-0.05548216467015836
0.10857664264443895
-0.2003755200650092
0.08218927862553327
0.15827289413431178
0.07804129529672868
-0.05280902781826452
-0.008735540225032808
-0.0851260822052401
-0.05662944541099867
-0.03496267048838249
-0.02756191303797002
-0.046935957572868434
0.03723232742708653
0.0719959030768266
-0.009502959797527315
0.1292879026275491
0.1695008331771251
-0.06313504114073618
0.05440409960293573
0.06006464784264655
0.020010694931900365
0.07569983071086951
0.07415989506251189
-0.057820673410431525
0.016022772783260263
-0.00018272923491239462
-0.05628338759319659
0.034985772583287056
-0.012246712350796326
-0.12115490353865561
-0.04150832203375879
-0.12622627969591177
0.0017222938000985843
0.05491557579515242
-0.023411797421402456
0.0009814214678095347
-0.008752149616944687
-0.025752118625230386
0.05446329015008206
0.05261465680716921
0.004746831518446892
-0.11521175358368368
-0.07330406031763038
-0.09766422722160087
-0.0707143759452363
0.06737808137232931
-0.005617346711001438
-0.057033973942806654
-0.07010940778211606
-0.055342302257144
-0.03664887258268411
-0.08214298214178445
-0.11319073233065156
-0.1219292782245642
0.17667496568412516
0.5763621659370364
-0.0213642405662775
0.32841946560095936
0.4577069319596222
0.041570449809003804
0.21564008751658076
0.449733822068371
0.11953054238375967
0.20109115231415992
0.5335157924904832
0.02383125561049839
0.248861010635891
0.6391767078094122
0.12945992466790446
0.39397491604232715
0.7033640637882067
-0.20907701969246062
0.3419739100035728
0.3689832646675585
-0.28535980906998143
0.3100815891825234
0.22694460939519792
0.09786251120068604
0.29222487975530226
0.42178758518317183
0.09546077857000539
0.4252789255069602
0.5666193394627884
0.07248527327959413
0.6149694915962531
0.757716831354001
0.09292115443438315
0.33314876369569196
0.44692886904934737
0.10844522160510801
0.5033944893612021
0.40244470374494196
0.146481579192561
0.5411942260517348
0.49221054884215404
0.257291013841756
0.43599038300466963
0.4420611149188891
0.3635542577493829
0.5926741012628054
0.5336014748287286
0.12232524816783576
0.14717431048042995
0.3601777434407748
0.032771771774423905
0.19955995582023092
0.04156169631829129
0.2661214990697932
0.5844804188147188
0.604594577655354
0.35617826367463945
0.7429672091515443
0.7880161077840052
0.17786014702349118
0.7779691439796038
0.7405573472842591
0.2551558769687108
0.8535288370106136
0.6981011332437163
0.17655714047645937
0.5020531266691753
0.4980570992642369
0.2834486570665436
0.7857480973834434
0.7761253931677674
0.31090808736599773
0.8001640498669814
0.8540568952681946
0.368777800842895
0.8799960842918337
0.8204522008519112
0.2607725871053425
0.8326133328623734
0.6998632881404583
0.2833307634557972
0.9011041826885624
0.7833284277063538
0.3205533818793805
0.8689371534131984
0.8516742752491605
0.26412128766708537
0.8459093588749508
0.7563745316726562
0.15008455295087147
0.6930211010272269
0.6748118898584603
0.2182737988186098
0.46267593067163915
0.6276716117503551
0.06210386917426931
0.7338354089390342
0.89665673683474
0.06741442956729927
0.7087458627277148
0.703175130261661
0.09005688876469259
0.9023444007419119
0.8203323003158232
-0.03877410426752657
0.5492202427885371
0.680415112379718
0.009860050114283698
0.7166714479604903
0.8014964107530034
0.023958409573003374
0.7680643592826233
0.7330066800653965
0.16197507590404955
0.6296566075717589
0.6421397436814769
0.2468484289653649
0.592202785917112
0.6771081730571715
0.19115747766073388
0.7816440539216749
0.8341239232028452
0.2591308854292187
0.758061547323765
0.7856956812064081
0.13951961930541137
0.6872270784197162
0.8315430660078149
0.1457486930743518
0.6740407148295358
0.8245561022911878
0.0320451885003743
0.573541235445604
0.540619855006493
0.09211879674956297
0.6369149930773744
0.8507890800369082
0.09706354291087904
0.6173571420981274
0.6890746685138397
0.048665872385292776
0.514780948201043
0.6961309827563923
0.2686505991216465
0.7632060319921299
0.592576619424926
-0.06197924630895754
0.7993199558229813
0.5810726698788908
0.18701948722541223
0.8692504163795114
0.6667023016847669
0.05355964352439403
0.8421583042790111
0.6264653993520966
0.1409830656244721
0.5455690278488295
0.4245307017010944
0.1938580197937544
0.6948181914571449
0.5073462139973606
0.28728617865253503
0.7514582804041969
0.5801059579965193
0.27591374264327206
0.8377583138968614
0.5912764031136539
0.17000812258726122
0.6368232351251395
0.37625140584833683
0.2354291014678823
0.9331264901272995
0.6726205003024501
0.15079334430021318
0.746832504264779
0.4678645327480291
0.331962482222367
0.9747683882916408
0.7168868019568033
0.21369059700848722
0.8668015287931723
0.6699313395806659
0.25540256513280557
0.8657404755568026
0.6752752036797485
0.17091062566931156
0.570087683299615
0.3669479423515368
0.1156720261378798
0.4805632635294915
0.4647397056059149
0.40050230399805997
0.8253853493086709
0.7265086301448473
0.31033376891501874
0.6452262462605403
0.5764658792442534
0.3602938988960517
0.549526862038545
0.6544167321913563
0.052473125085196234
0.6444406228270569
0.5293469161419523
0.08352930503268376
0.8133662564342183
0.6709776181368292
0.014336864751036522
0.6710274527498515
0.5810117449832889
0.05022079685664024
0.8030480116395989
0.554221580870728
0.034491057925745326
0.436161250273311
0.6357668651138426
-0.042156821399440915
0.5810585258811968
0.7205898790234412
0.06043956339491688
0.5054956883295058
0.5582215208318122
-0.07701893526301924
0.35555759293522227
0.4320238993314717
-0.027816345888741472
0.313239880446789
0.5452497749566849
0.018912642396028568
0.3289233004297055
0.4697371378047641
0.09571481040398835
0.346702596336696
0.5640929054478024
-0.03965207492336354
0.34054228695344974
0.5913824202533389
-0.01781680926437596
0.3919744076406997
0.7146411834889973
-0.08008879946301724
0.30301139055161685
0.5094577655489538
0.18394976534989196
0.5686897572858571
0.8077993268478005
0.2963439751442545
0.5160534007607976
0.44105086712668035
0.19347098742262409
0.6026757019223481
0.6165938202918293
0.2668480099890116
0.6471066886772272
0.728203169430784
0.3809411397172753
0.8227390486708392
0.8061995212207432
0.2826697166031605
0.784253077430741
0.7641689420709816
0.40029141353344255
0.6916380322157096
0.7021073394042698
0.26609120201944236
0.7675052414402608
0.6829355430289241
0.1195752540468003
0.5445871141804192
0.5287279473970218
0.3634573320143266
0.897247892438436
0.7640445257132692
0.13963159057351693
0.7068581966525062
0.571923832624623
0.1761069189455301
0.6590856266639924
0.4043731958224852
0.39746037639777276
0.773523418306911
0.7865356204687617
0.5561645286158188
0.9121533092317907
0.7317218379166821
0.47187491216523614
0.8380464112725927
0.7911922303744269
0.6525823773692263
0.47634738602545373
0.48627456486865284
0.4073606906953141
0.318030759737013
0.5523205066816589
0.5112480709757993
0.614951817136304
0.46319024125138997
0.3779875756348413
0.4573295532701632
0.5282803863084398
0.28248937785778516
0.39908873399932876
0.2885626376414096
0.47967715889427676
0.6452340533383507
0.5818913091032988
0.5657211403908715
0.377131584409917
0.4282917944492891
0.5123317725467671
0.5614597987836394
0.4289175588285978
0.3978297525019394
0.3896907418145301
0.396117592334282
0.45943593555004647
0.5666964546387694
0.39548891298159194
0.5228085547032351
0.8863174611115312
0.4359056556364889
0.4662308941644956
0.7908515791707166
0.5243010532789618
0.3717782157410891
0.5640054478517871
0.40938248441930486
0.7502296899425586
0.9153125059913774
0.3329713040399167
0.676190018000574
0.9100011916967603
0.4375513242152791
0.5811500667749132
0.7253081821265002
0.3428834257840016
0.6583066910633588
0.8211510099006525
0.6293419362809877
0.6735376639951831
0.8767858905793187
0.5531374253456075
0.48992134420659816
0.797356749631392
0.5487133755880655
0.5995061548194984
0.9213588565581782
0.47549686963995563
0.5270071619388921
0.7788136587914135
0.5024343331802325
0.47656101260080386
0.7867820955287963
0.5898530156785889
0.654337110365327
0.766570988614412
0.6818507277307828
0.7537674923977842
0.8399812136910692
0.6647951018145324
0.6867755784848846
0.8341310623843857
0.5982226450162524
0.6581627767867806
0.9131644325548784
0.5591875583920642
0.06660736829903875
0.3660153688584133
0.07805349867992861
0.03911117790810223
0.3148736793609638
0.20521949267893602
0.3737122134633616
0.6790596160944771
0.36268043847572434
0.39947072226019287
0.6900343355924631
0.4025592718972104
0.15414925962137987
0.5453014076388787
0.35834872924405003
0.2604977031209608
0.7540301659322115
0.5217393129432224
0.326205696265473
0.6932277725525863
0.597003142565091
0.40516321171862035
0.6336276785309988
0.6824628836929615
0.2468138829514572
0.46636042802225075
0.4812116950383461
0.3564476319202219
0.7594672846216632
0.46749002914147175
0.13928998119778652
0.6603151971012393
0.42333238354334435
0.25374953202337824
0.8531733881741794
0.6020100057325308
0.18744315939010037
0.9100416155992739
0.5686484024925035
0.2651684217255009
0.899893071910141
0.5833288893377369
0.3150679343213124
0.9266519452914389
0.593301049412549
0.024182829650167336
0.7922265218114419
0.34391942799831665
-0.07271917174842617
0.7682359534256819
0.42991943693679646
0.14284055975185037
0.7129436866605039
0.482681149859023
0.06519567565172457
0.7198977808276198
0.17787112050210224
-0.007523123177690782
0.7850232026061124
0.33634834197767605
0.007579321667341075
0.7372016069638272
0.18090550610982717
0.132711370143639
0.6022295123012411
0.16372906673763082
0.021308224418018898
0.6774990854566229
0.16767848229383242
0.043697470671986545
0.6179301555889828
0.16562646365685513
0.008563940226921635
0.6085713181603147
0.1951062030306318
-0.016136519836919237
0.2506118855983215
0.27006298615340085
0.019414099065015324
0.5760619713920512
0.30825836464195244
0.12755765292037693
0.7944540726932832
0.4364713263651131
0.06813018073879226
0.7211563067507236
0.35847357694623794
-0.23185684902316217
0.3421851489188926
0.1676130127551403
0.12430891356418207
0.639993208618761
0.4540347747899527
0.07112680097387943
0.5975969702900646
0.4369313170047264
0.1300348992349555
0.4294892463729101
0.3197258185918991
-0.006406968704931723
0.42270941546358465
0.30033340975567524
0.09496273701756106
0.3977908071504763
0.39942386115488826
0.02758774531323472
0.4579878671046277
0.2625648665859558
0.15725446601141438
0.5994463329862914
0.34100232249502815
0.09658911617846036
0.34811658165937304
0.07393174862987353
0.14639838185177284
0.5318430971661141
0.058430491691915255
-0.03108958075676295
0.27787383477064936
-0.02133674529339931
0.06652096713453678
0.507036990820893
0.0002727198594123185
0.23042740436746395
0.4651680962815925
0.10930047361909521
0.24845670306154316
0.6331007668708968
0.18424293969663713
0.004371093398734163
0.5103333484452957
-0.1065617774004264
0.07541682569117983
0.37419609718230096
-0.0469453694693764
0.10100477517127314
0.732676394991994
0.011394720204461242
0.021043894072832182
0.6901591439861667
0.02870220374244491
0.4093566269087617
0.5767306905355097
0.18388414955147292
0.2632971199357853
0.797507968057704
0.20631471823877495
0.19874014009182767
0.8119997138617931
0.17236393404445183
0.2519240752052059
0.9006577085873315
0.13279904463978806
0.28057881908629245
0.8416653601065631
0.15520815314350794
0.2828023161742642
0.8633027374568643
0.07551947827047542
0.38662642996984853
0.7426589028217313
0.16619495382753832
0.12520736918144604
0.47511180116805646
0.19112496375999172
0.4001675035952018
0.5344449169490556
0.21456822003652679
0.3148861630449756
0.6487788291507828
0.2565330084633537
-0.05193392215925076
0.47557605837652095
0.2198385531326928
0.0840655822004875
0.3559041658365646
0.187942678352924
0.12079810487086896
0.5121023258513075
0.3012865329259576
0.12032389550540208
0.5244903686862992
0.35471487145674574
0.07223229387091074
0.39178284405425934
0.20336694696133267
0.009717078448464738
0.36833275326896475
0.15044308167391612
0.03915101587364099
0.21283757308161294
0.06457017204805508
-0.09862157980929262
0.24153607392012338
0.05819189245007689
0.040679914637402406
0.5334678557159273
0.1561097943652009
0.12314268259923744
0.27734405800951095
0.11576876066716005
-0.08359177167874185
0.3510867134526079
0.13835707024577215
0.015130451674582643
0.3201000274952107
0.16556311678035446
0.05730662435805085
0.3264228939244067
0.05854771624602902
0.040072771457756444
0.6411609518660114
0.22992882727946268
0.1579541746319319
0.6839836404618038
0.2899104498569087
0.19429241954419352
0.7775249706380121
0.3889904908089393
0.21970232384464228
0.4631979857600762
0.36879733955711497
0.05412894800722722
0.39042944340061725
0.158759739779523
0.039862203200271874
0.4014879900339412
0.23312509248363908
0.1099790297985326
0.41767180303664864
0.10582658035718102
-0.016554633558842208
0.2754958731640193
0.04313044801441412
0.5418611912355278
0.1917758032872063
0.18485930402979917
0.03454224739044018
-0.0061672615071164255
0.16208623560694574
-0.010003296796852043
0.2702536243400841
0.3832560499452936
0.049324808363244675
0.26218236387933014
0.3061295908721372
0.22970120469596544
0.2466627449820537
0.4163135199153866
0.24262097449634473
0.4706884396519802
0.35588448015411467
0.09802621757775233
0.26739860481433
0.2228514371523972
0.09865932667542665
0.197733470454215
0.10828325237930919
0.1392486024717378
0.3213483530156409
0.4741994603474457
0.18459860500880063
0.46037440978326083
0.306671844780517
0.13226213386822266
0.5078117422768998
0.4540618263463547
0.04965490461824924
0.5130954465644522
0.346521187431874
0.24344842933512276
0.5034457804065661
0.35571313607003485
0.06767049748262935
0.507027343608036
0.34360819555774336
0.146653304240574
0.45272801507033955
0.3942937892745437
0.18596409126984553
0.6007448527728024
-0.03937550563053132
0.20456407921167188
0.40037201041581905
0.31252939184803574
0.00044980391676675835
0.3876044837779289
0.12506147984048863
0.18237247201230927
0.5603981189197309
0.29175436436171515
0.163488126800388
0.5761061818070595
0.29894482331921557
0.30410330755548226
0.8922996205030165
0.48728913233086035
0.16728118452971977
0.6259557585471998
0.3480987276686396
0.39430707976195367
0.8875761053519904
0.6089617509943372
0.348220088749569
0.6318994409080974
0.44586727346030175
