0.2828813792129492
0.2089917196589577
0.7082026625825579
0.02106582961024561
-0.010366969505733063
0.3333372653105879
0.07260340806340332
0.010825581085581251
0.41967115663556787
-0.18901878341112938
0.06277245725021259
0.5769196907195725
0.08849871090174702
0.2981630317686919
0.7411499912813535
-0.02776047024490633
0.029850353458773283
0.4176564054081273
0.10258792903223649
-0.010170161540015321
0.03844508501457322
0.3643296988832746
0.780493369828835
0.5401294571633575
0.35725893147625154
-0.09788938407436498
0.5006397275683654
0.3323319468543492
0.6175079937611074
0.9389572106193633
0.322677602390568
0.6879760248634872
0.8020108040158165
0.3230927041519253
0.6194347033862492
0.5655640615104085
0.32504320363978284
0.538144191743726
0.6360378398169383
0.416712445400097
0.5046666150432386
0.5099880388848831
0.3801526222522371
0.6280133484885144
0.6136768204601213
0.5304348407980386
0.7285000684641997
0.8342347233692502
0.604243275919195
0.8984135463960244
0.7498920290909898
0.5850720760032345
0.8771276173960756
0.8876639909833934
0.4668409116974369
0.8060121660232403
0.6330998816891117
0.6242537934199561
0.7914686355394775
0.8008061338184822
0.4652154969640145
0.6654103175874202
0.7995752292903803
0.3756031367613508
0.7773390286073666
0.8116599972936906
0.34840525947578216
0.6760512602303954
0.6259800414379574
0.3766749239454307
0.3876308848840922
0.5298092973629601
0.3525670202334877
0.46060388367989136
0.625483434908233
0.47196406974857935
0.32124280516734977
0.4875645251659171
0.4723267591106813
0.7023649278863553
0.803644773858756
0.24691719024605396
0.7406342223453048
0.5190641800433382
0.24189123230914525
0.7259059755229407
0.7370686123575678
0.2384363251594054
0.7881473632851332
0.8318065584099154
0.051911492126567746
0.49556732846496243
0.7749782687649431
0.155387937200529
0.5943372127296507
0.812118941641707
0.04721881732629392
0.659006235817495
0.7589962742264151
0.2643726466683545
0.3513539340971662
0.7415424419735646
0.3060029879367337
0.7908269775682681
0.8790248955001403
0.29756952946915577
0.5704479950593129
0.7748706642747032
-0.005345075351130789
0.033590137783182296
0.24676613303208536
0.26469847110782196
0.550105053997721
0.8121059365467151
0.043819997919034154
0.3500472569091561
0.6645292057465999
0.10371683744738994
0.3788225667774528
0.5704354016104882
0.2477303258768029
0.3435008015938026
0.4846876318400487
0.3129139443811787
0.3164163245847439
0.581635483321417
-0.17468907176256693
0.21052253864848308
-0.03134594099043045
0.06396587729178747
0.27908826552681687
0.32013319751743746
-0.007206731153892976
0.22908503870765257
0.4392360119488249
0.2461691294394905
0.38972345229691335
0.5793837128310302
0.16914857055591218
0.1808151714681839
0.5877483494663898
0.134349524444475
0.5113182891041494
0.7392593411960585
0.3496289602521423
0.45110359987749404
0.6256937966246141
0.08397098635490559
0.19234612035920207
0.6627487018407638
0.2447224807781001
0.3012963203350523
0.7156145284903062
0.1392353753704999
0.08260089960085892
0.8069555169606115
0.0002217179171795855
0.15619913190513915
0.6827832407563176
0.1981548952360213
0.2807472146010548
0.6268386489924938
0.4645555236143003
0.39018693376266844
0.7679027016056303
0.0007422360973351558
0.009502492657442397
0.7319575230089825
-0.04945349587665785
-0.07972512805772042
0.6637811497611654
-0.05486889775716098
0.03153149070931424
0.7455805763543846
0.01896085466799227
0.013625231401086159
0.8834924433683523
-0.07069189756582311
-0.04399180361175054
0.7371072338676098
0.004067219747282261
0.071863615894939
0.7611158086218301
0.07602806249400686
0.017390114409237774
0.6900900496293335
0.02982003572379601
0.0004103677557602053
0.8456199455052457
-0.04956254176923497
0.06857009920034975
0.5928605190000802
-0.004456915575891892
0.02993096575857766
0.9223240228199989
0.025235647078708706
0.13548611085324613
0.7746303183554887
-0.06647085089485212
-0.001055966577291314
0.6873306519210345
0.040281917554999574
0.15837715271495434
0.7346912204096436
-0.16887827596132193
-0.037078762740674086
0.7548463693665342
0.03156179133666003
0.18295279053237215
0.9488163540793927
0.0054807998639513945
0.10228230876106452
0.8445170553572932
0.02816712689796621
0.17505755538990694
0.8316141452187876
-0.022416823665035474
0.04532273981827272
0.7248981991630487
0.00994464822765519
0.15889458119945227
0.9298720269604309
-0.02172443192214245
0.13400668873799199
0.9192212107258846
-0.1007527755319417
0.14015529087393472
0.5334868464112443
-0.007267253986713695
0.1224585357979793
0.6691031432692812
0.11117531183615452
0.19241540111265154
0.7329274230130207
0.11080958733273036
0.1608803307881914
0.926067898727482
-0.0031757978797762425
0.04128870719914873
0.7886588335276944
-0.12408013132198323
-0.02910274060785215
0.6953372302157066
0.11849436250329279
0.21830826571427758
0.8652255967446305
0.16558440678132785
0.2834441296057701
0.8675083554730392
0.13700583201679825
0.2775398570548774
0.8622743912591618
0.0870006433786733
0.18155027870148457
0.8833174483260628
-0.02119153155651584
0.23506552490095028
0.8408937609781209
-0.0032477344195145086
0.3067197481353663
0.8846578820076769
-0.002857160158293709
0.1960643482865844
0.8119681191760976
-0.056100969152864194
0.2505309656837851
0.8112699203679993
0.08022708333586528
0.2110625556582635
0.7853829636704216
-0.006272850642695789
0.13157605977436185
0.6886494501537188
0.09282683000976866
0.18049418997362435
0.8650772643662884
0.0684214438887167
0.20425280434222287
0.7908315025604359
0.06449606989697272
0.08835590698932459
0.7516232407180067
0.24995417415202392
0.3170951856161305
0.8140559882643243
0.08868505045738556
0.3642333343470989
0.8464670989186733
0.05071621784265981
0.4182498619336563
0.9074706209979952
0.2702264592560588
0.1778747706330212
0.6567902100728374
0.33822990554898047
0.27369063421010903
0.8637168098108166
0.3467443366050738
0.4096198520336647
0.7907458758880801
0.3406625086615763
0.40060937083933745
0.6781461971777767
0.20692033244928834
0.2053090165660223
0.5140748385493051
0.10995144553039618
0.16752375990119941
0.37037044414409254
0.07605565291579935
0.08405554430384385
0.3197662567285954
-0.10127469276687379
0.5424326193324188
0.4855268289455277
0.06652572310183566
0.2822029691344965
0.5886046525946503
-0.06944181728542645
0.06822828612613546
0.607015705790013
0.08476149064090761
0.17695237734764152
0.8796776956270486
0.13331043257927594
0.2065807865476087
0.7342673645632267
0.0022457558952938663
0.1317902395551312
0.8556119592248421
-0.024343488625746423
0.08063789524056508
0.636841759365834
0.1328566384220526
0.2903097772050013
0.46911627884907897
0.08123753379088157
0.3587889902993588
0.7299183202462187
0.21762727944565047
0.369487345989693
0.6180532231593934
0.1956731403794226
0.4393115026233572
0.6484830993434767
0.30022288420832166
0.6434004255531253
0.8859365012214915
0.17984687389190565
0.5954225813145231
0.8722080132792032
0.04991703962582183
0.4605481400544453
0.6630394801032294
0.07620072826533306
0.2939597804365017
0.41612190049516595
0.05738376078487238
0.12240446469264721
0.4123115467980095
0.06071530086795049
0.20988321566385
0.3871457717132679
0.10388691260646712
0.6014983458398946
0.8566640203606148
0.23016465871045927
0.5536535810735794
0.8401375420129791
0.2403595316177236
0.4964129749602808
0.8126355826839899
0.061187238155283055
0.4341019417562689
0.6854388790999821
0.09908576796599355
0.37380044006484936
0.4235261303463641
0.06945746484269479
0.5210642173889942
0.835919500909762
0.1325142044700931
0.8504553588935677
0.8561809209993023
0.050059889733018254
0.5414297327778762
0.6042145498121341
0.1273472984134442
0.4720708062054752
0.8449310591330883
-0.0051505206501503914
0.5278912957170192
0.7014279101466157
-0.048082830260832286
0.3705904634081499
0.6028770112783577
-0.19456436739111355
0.3833864579857655
0.6215875128727009
-0.19171284107601289
0.4233544062513196
0.7123084274647238
-0.00042159198941646697
0.45921084742498425
0.9173853377282373
0.2775638856727345
0.516516532356886
0.764466301695716
0.24594673765477804
0.6183524587660407
0.8576946886662441
0.2786924460591999
0.582226139382632
0.9274751392048238
0.07413658145499963
0.43350116188368726
0.8092788573850165
0.23534735607713025
0.5195870086189229
0.8961072014892104
0.2714571845589836
0.545666881935144
0.9154513947372449
0.1478899864261599
0.4630537387957874
0.7955912485929912
0.12691014375445414
0.6360766888520836
0.887056137228176
0.11399854817666435
0.5699753688666769
0.9126001795296615
0.08768426942789284
0.4974795732930428
0.8036668217988663
0.14043587633687044
0.42878434742820337
0.7320063435278079
0.17886316190812893
0.422648084122301
0.7785333116493975
-0.04047172947939331
0.4851798433029101
0.8868347232483399
0.09330348475610038
0.4124482051771329
0.853223863930803
0.0447204121565014
0.6767656194367055
0.8688555498718368
0.1841760993546931
0.7284716043791257
0.8959445597155598
0.055632175038167475
0.5602663385978742
0.8890020406939523
0.15938998795183437
0.557789876064888
0.6950347745423369
0.18745781234383968
0.7579210748213001
0.9241265585446804
0.022754215995359126
0.6385697792909433
0.8057666189330939
0.01591195837731562
0.6549851361877096
0.8033737357211547
0.08075119102731736
0.35179063385094067
0.6078318899730824
0.12711845612597367
0.48650329591528063
0.7721757112848653
0.10158948089562292
0.505472142147816
0.7633377556062524
0.20656590017215998
0.546933705961964
0.8460581039462278
0.012376788524911843
0.41930814821499185
0.8159624328869641
0.07841576550584017
0.3977321614414029
0.6170683351474766
0.22115482034299022
0.5428566031218469
0.812904124790364
0.14044206255206917
0.4472290867205216
0.77262436962032
0.2151286303312666
0.4975760034617117
0.7980903891743274
0.1286789196592212
0.43549504687530544
0.7600853271374485
0.1901436593288326
0.47866269578738996
0.8341136614882181
0.301656196871011
0.5522725767469416
0.9278259937549413
0.1749934012483905
0.5073208216415168
0.783897154391349
0.25020792680676823
0.6418392310319174
0.8856797120265733
0.2820702744235229
0.5774959730806731
0.782452382238432
0.19099714150719682
0.4647489565225047
0.7067651691881047
0.16982506897144278
0.5557238019947603
0.6655552926066286
0.1319410377080103
0.5755475561357071
0.893901820833007
0.18788981494151907
0.7012000522938757
0.9305208827630238
0.1304374554082242
0.644775331978359
0.8390857335788673
0.12256890589188815
0.565205272400218
0.853952144944915
0.13635729178854689
0.6210354052247804
0.8883149478318437
0.08045495151900692
0.5867352416769449
0.7694777106017583
0.26610336594753486
0.4659985756572961
0.8688996890434197
0.12920217418446528
0.41412005223086756
0.7468534537577336
0.09565350591820776
0.5342692386287831
0.769787612664411
0.13612375664221615
0.38606755149306005
0.7531761595602656
0.12698792680596255
0.5281411674593433
0.9345347503533394
0.02729499062283481
0.3962782872172911
0.931871746919965
-0.014791606463539633
0.4434351974847678
0.9187162677155287
-0.018754477177607917
0.4653588371138871
0.8642850638659436
0.05727541708960728
0.35749042934274544
0.9062736901341365
0.02038401286429644
0.40552480579832256
0.9750815112519209
0.053552358569457725
0.483582154858322
0.9749391942488859
0.10390768512715348
0.42722915426477476
0.9548941096158897
0.16630024263278645
0.4628993660606435
0.9385554449121316
0.08609313451026855
0.44838194984556384
0.8672806354684135
0.1170671429535179
0.5930936345768898
0.9630650953088361
0.07222130896007348
0.6200361450575809
0.8907497669472267
0.17656885932996552
0.5922173593175811
0.9362886094805946
0.20389540154907626
0.5004545407037033
0.9358423615600396
0.10449420213339133
0.4724851458588594
0.859419050738038
0.04012718547531282
0.44042187137641997
0.9177848802448632
0.015229091839174525
0.3484748648654321
0.7991320078041295
-0.0018435085179039443
0.3489333855223482
0.7567343751791358
0.020796180591584716
0.2993938197177558
0.7526624361059094
0.09081753062481414
0.291984291533472
0.6824219213966075
0.13892209997478103
0.3661220809101685
0.7390581664419167
0.09511759174127252
0.4340492692321314
0.6680060357609322
0.1097674833782387
0.5195153252729527
0.8113552039447136
0.28436326279615287
0.5297418299863164
0.6551614229454117
0.26947819623142955
0.7476725799712151
0.8147153712318378
0.1272442655251497
0.6716217380931286
0.8273846694285472
0.3188232921810785
0.6556434955451351
0.7443948659893709
0.25189632599581324
0.8304243155387532
0.8621489264364068
0.213466230408781
0.8482776048935243
0.9100735220848599
0.02099537840315774
0.0330301062694268
0.3855473149209177
-0.0026974080496524958
-0.14335071835555752
0.3902939564321799
-0.020194533291216343
-0.08813091616351151
0.5211705838731172
0.024727016742368657
-0.10822367911057323
0.3766008490118942
0.20230191936086997
0.308880243835954
0.7600205495958117
0.23931390859039753
0.06779864580764414
0.33136246203173103
0.06442429205968925
-0.19022683411680688
0.3178558385718423
0.177410008970456
-0.11912820265782756
0.39904195106814616
0.08833150527739425
0.039399077166649636
0.4854718238085841
-0.0860788882523579
-0.05051305058857261
0.6248572335936113
-0.022512607263327766
0.04048776152587575
0.6927437138564557
-0.04288824907464642
-0.05729028907638585
0.6903443032227901
-0.08505310000625531
0.0364884078465615
0.6004291928894334
0.048111521606775114
0.08597248120072362
0.6397125718975012
0.0035426906323537677
0.1434734075329852
0.6600850565729754
0.060415178873173034
0.15372871406103356
0.7322344878331571
0.0737086242190861
-0.020134412355615337
0.5566258175930842
-0.03120325928616369
-0.023027555658901525
0.4024990731631639
-0.027663717133093207
0.17861741500292555
0.7053631616208409
-0.08007844742547157
-0.03997104412492961
0.6034910943545742
-0.03981170546744524
0.0783554195414921
0.5464419475598654
0.17294312287829208
0.1052467155432616
0.3795353107479753
0.2639864501183148
0.25664344228539276
0.6552340186502938
0.1353626773977903
0.41558751717612186
0.7654759897832484
0.12764013211374334
0.42381096348456
0.804341624058018
0.4642726712385754
0.05956678493422085
0.29514285848491445
0.23370800650320184
0.5038281631618403
0.34708831679102436
0.4134787926177786
0.5315097491525335
0.6467688133181251
0.5363832149747676
0.47797081875706526
0.6023099211943672
0.0895912384684386
0.34635239611422536
0.519555419367073
0.14140833923994767
0.35115705243526163
0.44442479371743404
0.3998317056609532
0.1304624416461672
0.5513229799493702
0.23796793736127195
-0.017996398252951806
0.3233720809493985
0.5793489990041252
0.2301747134764594
0.6404751128899524
0.43755266879347504
0.13839579092424692
0.7040380387109677
0.08070233583975925
-0.31434189502762167
0.48914018842326135
0.1422093649465276
-0.008146521799783472
0.5530205328164787
-0.13042421919696015
-0.35548855845293725
0.4336643984225439
0.003044831785594379
-0.13440686737989
0.6609742467395385
0.009600136365348073
0.025166555207616226
0.7044423612329478
0.009385000286270682
-0.11185483018191561
0.7478897588644121
0.020237024750071657
0.031632848560644584
0.7778010559786948
-0.05167625751456628
-0.07945416520125327
0.844637561939894
-0.030384279379038294
-0.0536495841387194
0.7393482299384218
-0.0008111409806155056
0.05742058316023822
0.7795876747784132
0.01290678320439386
0.047740648837786746
0.6358663589292974
-0.008251828887663196
-0.06795619443257894
0.6660390395907826
0.10310708971554086
0.08991524485622815
0.7008578346540588
0.024108417401536936
-0.15360006993235098
0.6405256044360361
0.08319883892211309
-0.10691906997940662
0.7289343008583248
0.029488426171422263
0.18710328037997076
0.6958565423473504
0.0066445487654627974
-0.09469976707503373
0.6279245676781673
-0.018451584531372238
0.026416414722038387
0.5211127681613372
0.2136966400398561
0.14194365689988037
0.7591736189632845
0.012657082827678367
0.04977757564605292
0.5405817088156608
0.08444327630331544
0.04860774646284235
0.6639901916607603
0.13217999824294455
0.048370661529414306
0.44311967072068514
0.39704700215274535
0.3717234698353727
0.748594963017404
0.37373569807740603
0.18796892171899496
0.49183171182858887
-0.012174244160047436
-0.1229819284433369
0.5067161950703236
0.08980984555094305
-0.1343293301377182
0.41546014411977894
0.0042116737958306505
0.09248651475957007
0.8046323362366707
-0.03549572268955612
-0.08979596079896505
0.680546041341367
-0.01042223544387267
-0.0738005250505226
0.6240388096348101
-0.017825149615427097
0.00379920887021336
0.4995706417468035
0.10454346827470254
0.11578068855634546
0.5209295652746009
0.33604916374547456
0.13793100318947862
0.4608310419418691
-0.003148031049406214
0.05066428235007786
0.45468336149114286
0.21919767235388374
0.3491410098220894
0.44940987057874254
0.19553054799781017
0.542732821697069
0.6236994545164656
0.21298439960260218
0.6619657158573191
0.6745915470981193
0.018715945282226858
0.10011675303363139
0.2550657454847624
0.04973953373987185
0.17295215754374163
0.5439529773210334
0.02464068416232397
0.09530799906685956
0.18552364167568733
0.10882519114960601
0.2329935605472715
0.3846180951304883
0.03968368151227754
0.29169824691131924
0.6258668227981726
-0.2953815730925602
0.0741271167144745
0.4444566391005445
0.0441807309713122
0.6200498628715607
0.4860956030584156
0.1201889209352697
0.6610344307161602
0.7114647735798874
-0.02380635511401387
0.38166450072456926
0.7157622138695057
0.22633037313580928
0.5889438744223541
0.823963708190713
0.1856464230911043
0.22354247070978295
0.5708030985328058
0.02183730526376952
0.4450731705724885
0.9072261062147392
0.07438746425883849
0.28717442300746343
0.7855176396786682
0.23712986025915062
0.3835186585747127
0.7879574551662474
0.077383295251188
0.37470786812045276
0.7445691656555358
0.08008032696162382
0.358669141910819
0.7473464171683033
0.1472360022381122
0.38001008307013323
0.6447117408989145
0.2147350859198577
0.4962788585424236
0.7448680700115342
0.12249726448736431
0.2500506309514769
0.6728749168724686
0.02804127488883968
0.3316075312466993
0.6013860679629403
0.20801556600011023
0.4240091605184605
0.5946121301947991
0.2244937640224225
0.32754214942526716
0.567638468449733
-0.03448666659494592
0.21525753191939986
0.6166275747753034
0.046607873181157625
0.392232342636829
0.6052310255001012
0.0014462950628991722
0.348176842864512
0.6417466408773276
-0.04146910079544826
0.26186680499713866
0.5387827177674277
0.03504047786816486
0.22162020808724803
0.5410062336030532
-0.003001839627385484
0.09028318238630523
0.4277883474824276
0.0614886832107123
0.24601171477440867
0.6103583291749546
0.039977026041206884
0.1787654329123186
0.42081322425469725
-0.05625486336405492
0.273078702779132
0.5817573769441047
0.03542230912880816
0.33554675521146193
0.5150890972537489
0.06705936146993989
0.39618253331558173
0.6150635809493523
0.06846427918818446
0.27957646208753717
0.4523320537433484
-0.09415009435070351
0.3342443801130165
0.4481805356645906
-0.01094406260806053
0.28391542855033236
0.6187033463285666
0.006010298881828018
0.36724908943380674
0.6643728606053949
0.10048871467134372
0.40172069501812796
0.7497242857001418
0.15551155778978099
0.4841977037016743
0.8411131018394192
0.16128802951198057
0.5400351710928739
0.9123249464923824
0.12499717498153651
0.2430613665850789
0.6554516138418921
0.13356254994799857
0.16793543553198953
0.6936937207096907
0.10825546116694518
0.36909385014774315
0.7280689656919647
0.01285634054722425
0.3211818090623531
0.8093445621839559
0.10628805172635111
0.3262162105863481
0.8056554370605538
0.11506206723768403
0.3132951368757848
0.7686488573474224
0.11240976076605125
0.41060847842138337
0.8518346705275972
0.11140749616739243
0.4217286180203851
0.9297993720674163
0.17574751358487609
0.327947891796994
0.7378032739821236
0.1248662416678422
0.37589389089386815
0.7860486092831369
0.10564808856324906
0.37839798885329656
0.831865521054352
0.10086194250298541
0.37139821338312273
0.7594821737871507
0.035209383120290025
0.1258441232625371
0.5398131980302776
-0.054901541416987686
0.14923284506913082
0.6009103987220168
-0.0018369663838576425
0.19462961020622205
0.5765716580143362
0.007213201088781311
0.20779085214857318
0.6379020604580125
-0.047234076159375374
0.12008981693637813
0.6321684393298288
0.02458097182898347
0.22345760055359892
0.7475378134443187
0.05853381759564831
0.2739719672533204
0.7131830190141548
0.009232503436392172
0.18464173132027112
0.6158571758191047
-0.05453068900193887
0.039790567685264594
0.6318659349720076
0.006761959694690067
0.028995084997966027
0.4779349801338173
-0.014956305726682089
0.17685754841113274
0.780697908256077
0.05260378407798627
0.2552616665400693
0.7344167395365357
-0.04508670372588664
0.07092389455644449
0.7900019337518606
0.05847191132598892
0.07052448141743183
0.7318148112060303
0.05876151789563479
0.08599923433364004
0.716096534078102
0.09223001384044455
0.051689994770677004
0.7359034710580722
-0.017443978483930693
0.0885726224155491
0.6854694394893186
-0.06385019640571639
-0.019402109086626117
0.6231193852704323
-0.04502815519789604
0.08082811627768675
0.4922665269320985
0.03901319189497306
0.3353816946871842
0.7268019715244586
0.09201214806743517
0.3073337289819593
0.728798639835533
0.05315404447717721
0.2421538876584859
0.3562488239020898
0.1965340631117244
0.12667593093888946
0.5643551628523751
0.15308442674099693
0.10294892809628006
0.3881419382606677
0.21394155534544584
0.11018129450969535
0.6385921617075578
0.142450275746293
0.028646421092338573
0.21945477706185945
0.06656094720983757
0.04445725454674793
0.47407260588813904
0.04915683715876713
0.12013014157031997
0.549898545072733
0.26166510173516966
0.17481221900721955
0.6519074763257617
0.2518395728608227
0.3056180402509915
0.605524088452353
0.25281169223778643
0.6487562850439669
0.5236942878699589
0.07840005962506684
0.41721075169786875
0.4191241661820747
0.4505126979844654
0.7748345704039585
0.735714499116817
0.19038454355079976
0.3500818228921691
0.3706797308322606
0.279283109568382
0.8375270331303463
0.5657683919464933
0.29202549691100904
0.7471179388882017
0.7086421912940839
0.4948701678863151
0.9374240534695849
0.9064786535523197
0.26705610067937663
0.7808783615042453
0.6951801643801065
0.2521114293040057
0.8360555043101286
0.6734343530109663
0.31514343498931185
0.7783114018746964
0.700502401172467
0.08990017561381553
0.7285376539004459
0.6680958097090453
0.15836650247199832
0.6228356519677012
0.6010607700531403
0.20706243782190223
0.4803202668297446
0.4956133041370026
0.3300005055194868
0.8562490268013001
0.721125231533494
0.28670262370788013
0.7614640745821
0.6935810157279672
0.2870070041340954
0.7559322011653637
0.644371271881863
0.2646423824873466
0.7680931913706339
0.46297017011360153
0.2674737452309749
0.31872941762314405
0.33100565901526213
0.46900939254011076
0.4104195894322203
0.7570759247614353
0.01514357203345372
0.10875685906866064
0.31599520627319766
0.06694947526878865
0.4479626273514307
0.5827127276084831
0.14169589722713938
0.33845549572284284
0.5104029836040332
0.3195864772347391
0.49203611624573296
0.7693235112699945
-0.0535111133098085
0.3954109663176484
0.44412219418568427
-0.004193968984235311
0.420371459974906
0.6046329804281791
0.18305683650956311
0.5146578859448829
0.4402865560569522
-0.044182169627437456
0.5600843735231892
0.49438049616907837
0.06456421735104587
0.6189392332426038
0.7224722544745172
0.19964104994426712
0.8228365484144884
0.7345340685519998
0.343088193617672
0.7996209504487207
0.8539656767682052
0.3846596327662604
0.9230593436301733
0.9312775020643533
0.3788700184975674
0.8813017243502843
0.7291988639587188
0.47293863054601415
0.8304784565207705
0.7465431621165193
0.341339257526086
0.758239758065715
0.6242854499486783
0.29567271232117365
0.942582173401221
0.7206411130748264
0.2575253573853361
0.8480833403107648
0.7380798354369008
0.24055910129867622
0.9071528830350424
0.7579608201810544
0.16011662136545396
0.7401130655179765
0.9798931624931861
0.3754925620766448
0.8382231737402661
0.7918612218918328
0.3208221732552322
0.7769169649790384
0.8277600801419893
0.3141675786494022
0.5876381766585468
0.8088502959144175
0.3953810624997118
0.7098095563117555
0.7784725380958402
0.45446457854758504
0.7717686300351603
0.8673431103305311
0.3869854026659298
0.7153673490991596
0.9085370176036237
0.1423867624245334
0.6158302263422849
0.8167077133672213
0.23599388458241166
0.6725407904826358
0.8425908846483969
0.17024414920613512
0.706908429552179
0.9272404819808243
0.173959372466919
0.5837116377228241
0.7629565550561224
0.23421101196059357
0.6096923714054667
0.7154307600624836
0.3456160303033696
0.6778714124944332
0.8422339346304357
0.296978662181902
0.6439092318974029
0.6926869112735193
0.33701179451475827
0.6688535163087033
0.8146526551891486
0.270159455887612
0.7570261598808534
0.8732700589794844
0.3193757523086824
0.794262894741665
0.9012975864385653
0.1620007000998023
0.5817584734330548
0.5883111286563822
0.13473156708075607
0.840426827445659
0.7120383808584188
0.2555180077285937
0.6849163574267332
0.8489923090585203
0.046904324762507464
0.6827911073878165
0.4509624410218688
-0.01952614041250283
0.5554465337668957
0.5477030290613814
0.022606845528938373
0.7454859514354268
0.4846437229331387
0.13214802756424154
0.8427213062082658
0.5128875632315341
-0.0023582980350654453
0.5695897076825357
0.5178945684993013
-0.1360349462533705
0.42989677597386333
0.531787180502596
0.12356279753624555
0.4958552110532721
0.5174650087297142
0.23743880318848162
0.9691308938445311
0.7269888028788494
0.32163929465067603
0.8955191243549634
0.8573911708480633
0.30880025761202223
0.7777402968125414
0.7944905604956323
0.14887015242527488
0.7752304629061666
0.8856249738540058
0.0889543851768615
0.6138493319158314
0.7384735901878723
0.07163741453775255
0.785225608119724
0.8046139612790506
0.2902933259839104
0.7515664882758326
0.7651269156882419
0.16442188989195983
0.5504031576776958
0.47976567035782636
0.22547210484676936
0.723296930272815
0.7678027752192017
0.19522053996034747
0.7353563869400619
0.7987694955114497
0.11657872412017317
0.6657571989440744
0.705392082104089
0.1863849253482772
0.8085403504329163
0.77602757612471
0.2155393969418393
0.8873635544454961
0.878725336310541
0.1169081558601134
0.37944512239290373
0.28161843493103833
0.44663692380956893
0.679432981859655
0.5249365986920859
0.3517662208357129
0.8546852220229006
0.6647535854762262
0.34086467849064184
0.8024305700693628
0.6662776385665663
0.3552115412054101
0.9122047370678124
0.6312039252758495
0.12812254430825273
0.5853028964712519
0.7949985314188155
0.3540835184099208
0.42438968380232156
0.6016216268351924
0.07896186856380023
0.3618403615811338
0.462556627766576
0.4604936065086232
0.6460423266243485
0.5975805419576109
0.25351975310595554
0.5613876582439656
0.25962172488174556
0.2848264890989136
0.6807206372112266
0.29524253216119145
0.2746207950034157
0.7484225621989349
0.5709467892193077
0.47313812446767034
0.7787626898880571
0.6401229833509156
0.2552245735346417
0.8798732462650583
0.6092034456834603
0.14777085718559563
0.8649451047168071
0.5376087865724044
0.37487038918019266
0.6226702773629529
0.42210841299880675
0.26742609489378427
0.5702679203985055
0.5323905685289299
0.4437518509780024
0.911421803414329
0.764121292230044
0.0835565500801006
0.590698194700304
0.6198647727525174
0.21958439921037043
0.480982180711997
0.352328813767786
0.4059903319854466
0.6787547427832348
0.5811675477990028
0.11042429890454389
0.7561335349585641
0.49545910909512064
0.24347780820427403
0.8973382085635193
0.4324172556161783
0.265655815782986
0.9144301965303249
0.3361183109656196
0.34776734973092127
0.620770329096397
0.37511428443432715
0.3403916119218798
0.6478304960982415
0.4298232868929051
0.12919200709059386
0.626762956064495
0.2627688775298566
0.2246014449424708
0.8569193546096424
0.4992640597263762
0.19195807291805583
0.8848172886617528
0.4082565490021786
0.34522992864968427
0.8745316017926095
0.518112686839008
0.5226052761461434
0.9709485110203906
0.509773348084118
0.1866205865286426
0.8432979002960581
0.5238697161697405
0.169003374689754
0.6038250812271102
0.3892772466659329
-0.10022689649154312
0.13389237464410464
-0.09607621651533353
0.02602018749070127
0.1986874396759542
0.03523199252782744
0.4852052042454472
0.18783266315561298
0.17903122829898943
0.2440805190579099
0.29404707365667837
0.12323777501897798
0.20291183586482392
0.6012687096438292
-0.009450904263515523
0.11234284882213916
0.49853040515174496
-0.018659161332416234
0.4931493235466917
0.7417038299310185
0.21987803993523206
0.0300870081509388
0.6260810937157981
-0.025737860608868138
0.4800656162866398
0.3671901999320677
0.29963703222533034
0.6216457291379553
0.30139403174980234
0.24646867028399483
0.5921046782863095
0.7361672495010914
0.47307986054949547
0.47465284353087006
0.6530534221025943
0.43634011993770633
0.44206242648844307
0.5865048947770652
0.36474430217509235
0.5521120137551873
0.5526992302162563
0.1758770954396969
0.5246096620518202
0.7865570011372119
0.3142473967711555
0.6744661999533972
0.8117474781881697
0.6880755843041941
0.5478083339152202
0.6422784607985224
0.6272768357336482
0.6724555228353868
0.7315412185448045
0.6036587844015477
0.6464601087483827
0.6663393545615581
0.38490819405069643
0.9614632579074023
0.807201626126926
0.5878068810922525
0.7991301973686058
0.6279408542762854
0.7433237301339066
0.5976906734904465
0.7763683494436711
0.7124239635337019
0.6261021367915264
0.81508187747387
0.7926629628939106
0.6601625836907075
0.7650790384575121
0.5397290668383086
0.7522332599913434
0.9448693890197006
0.653381577088748
0.5760320775594411
0.759022952297386
0.6846696200379837
0.5616482776040991
0.809847354548151
0.56299597928792
0.48816066102206723
0.5831471739153038
0.5361794361302312
0.4179840966046264
0.5751724920920409
0.49451248675150883
0.7409607488315932
0.7150630652066234
0.7094076834119534
0.694306546320506
0.895041006364726
0.5829475437551317
0.2826485644235841
0.2762856797913227
0.2810411127759663
0.4719879566051819
0.31537224276109044
0.08573255560276265
-0.07173964090480914
-0.13511897648503818
-0.27749166221641963
-0.0779610429731772
-0.055491982399506076
-0.44594221495388453
-0.0016669575370868933
0.03672268116627735
-0.03206017030622336
-0.03340915947572312
0.0062277753309071225
-0.03922278602461757
0.03424812914493665
0.2568037121572678
-0.1779214299466693
0.12049713066786273
0.3444021769762863
0.0596422284425273
0.15357257269513122
0.3273181128614372
0.03210056963216466
0.0763088233756521
0.39930064381438596
0.08220932184626215
0.2008133138682744
0.3577574222840981
0.1339836258154844
0.03220141223190197
-0.002069667878249295
-0.13236909687120227
0.029788470587270913
0.029258998787274847
-0.1444338987250289
0.019595596603973933
0.042390882458208774
-0.14633867323078908
0.033609264604007164
0.03428025996493607
-0.06615232942625643
0.001131664774647087
0.02972805854938092
-0.08735882573849818
0.07355026688166436
0.16191209358732572
0.023038145161522902
0.13963707215328028
0.1824707880212339
-0.0008032526956084423
-0.05783742147422363
-0.029468166253554837
-0.26506032467461516
0.05624209701260314
-0.035702628886738676
-0.29688567476216815
0.035337957340477934
-0.00569275478470385
-0.2829136116694395
0.0682912842788466
0.1014098950159241
-0.09739560641492936
0.05390191836608947
0.023823695463721012
-0.11641422719162087
0.06889249204696682
0.052374266205368725
-0.19193644664765247
0.029349112807310927
-0.016346818912886193
-0.2305683794375034
0.1581218642062805
0.38294555346168324
0.11413332846093496
0.5703690044264677
0.543960799313931
0.3060790189631837
0.5112068850202888
0.6770406072178022
0.14041241301013402
0.4498663523780241
0.5040168900666273
0.24200043294957288
0.31924671548558997
0.528701362896613
0.21487331187620537
0.4652366226941073
0.5867592253012033
0.1461674728867748
-0.11298781452465344
0.11385266329593147
-0.21995092970848115
0.058971875883958566
0.24487235443950608
-0.14834535183693665
-0.027342231776561542
0.39259906748002227
-0.20545076405012913
-0.12266994776485825
0.3493893716855966
-0.0332975077273116
0.016195297768069786
0.39481876731823323
0.16611382569129557
-0.0915836080406542
0.45582608754425863
0.010923354600672612
0.2689918775447
0.5131744991934735
0.21208293022508973
0.31381620022949797
0.6138305446569178
0.3156164608279684
0.43245848331190756
0.38958400875080057
0.2968844224737573
0.22492546252849768
0.37810328059376497
-0.006393696769721811
0.3017308310225333
0.0710693088113796
0.03374557436296525
0.32966630575796285
0.2576440457240815
0.0704378401216027
0.334574538709863
0.26132347797025857
0.025892189958585925
0.20193936906694337
0.14835418391324
0.011460855468973782
0.2748321367995429
0.12452191780714325
0.005305680208058232
0.44070587027280006
0.42311779670493294
0.014813128675374484
0.40825409005118113
0.5218449304730386
0.22205525771779683
0.5537099614375258
0.3596961807879411
0.248803129733791
0.3233937317674055
0.2960588383175982
0.32390570721851025
0.31916742428834877
0.12844547837029782
-0.08860563337957503
-0.05467550502434988
-0.05510315560037865
-0.01118884562039248
0.03589815715171012
0.2684254221031652
0.08811155110280253
-0.08279861585109718
0.03819727294754741
0.040414356355782305
0.24235759463230863
-0.003110311074213369
-0.00827921799122578
0.0015316701997442192
-0.06498894572219407
-0.20030794713542163
0.06251378896677083
-0.0554997570231017
-0.2279825862989589
0.3291842374603876
-0.01756683189817353
0.03043425519989188
0.2559355069231122
0.018871042241010903
-0.04623393892179687
0.38913953881220975
0.012296072570686682
0.028054748630333293
0.34664447650506885
-0.07290732594463865
-0.0941411600275534
0.1701306852986708
0.01356718030743892
0.02245967315692822
0.4114909418346087
0.25729278702961056
0.23157924194992285
0.45748132883917436
0.2372018583302282
0.11339847411802349
0.41016520095258324
0.19520344137420376
0.15020088876809545
-0.023090408502472046
0.13440305523415483
0.46028524272542815
-0.04980201010477654
-0.08618827471071618
0.08217583397704063
-0.00980667419045662
-0.10566059740477715
0.04183957254122132
0.0722849883591017
0.025131469916204678
0.08775828763258356
-0.07678944219092969
-0.13726877899136924
0.09542533223185429
0.07783083135956212
0.03102247531156571
0.14030179965843687
0.20263239388642376
-0.05815218109004407
0.18168298540027097
0.05804902502665095
-0.020624436537993174
0.17277567174908623
0.43166263033854063
0.4952159522375612
0.043869867457966755
0.2846923874345292
0.46036526070163647
0.20239393318359483
0.194796416092762
0.3737330977781239
0.08319092901179313
0.14580685418162664
0.3179094693827521
0.06919338183611962
0.17261348113167724
0.1433844738256169
-0.03855973602902177
0.08825927274124609
0.38404770277027644
-0.01907127024574385
0.33386891121831286
0.5345677558941038
0.23060653221866187
0.3406479944644828
0.3461715625290783
0.21202558546326353
0.24405730982390633
0.3186688907990348
-0.09398040620205508
0.32576043020185924
0.28360108863919364
0.02910134977389281
0.7082797093495569
0.32524337194678876
-0.12093837718068953
0.5610670297427952
0.18270234132687235
-0.2166424485907009
0.3350598871536695
0.3682409501517241
-0.21744759985446593
0.4105000279180753
0.5897110635997942
0.09038432323401982
0.6258807538294624
0.810692073460112
0.15325256794083422
0.6801725803073062
0.6819578557719902
0.07298506173571462
0.5159869162470756
0.6988383535804187
-0.0659647945496666
0.5595040514196694
0.7714472465907467
0.13020707843936782
0.5130589619915542
0.5691230894554711
0.07046084268377686
0.5024975929130964
0.5588818427949349
0.03148139307056297
0.4233460591110306
0.5666191729042646
-0.04133862496984549
0.6268094319353649
0.8361804706343412
0.23578673526127336
0.5209578275300586
0.8458872242532489
0.30321419816994255
0.5500312432437977
0.9152128318598454
0.23008507322593877
0.6079132909596753
0.7571942496711076
0.3710466535849233
0.6385303710707556
0.8375820012024886
0.32830920952039067
0.3705136399324821
0.6525687120695898
-0.06325471436270297
0.35880180510309645
0.683450642988732
-0.15555750152482758
0.6816101811697699
0.8215364148211433
0.1459856924855285
0.5739254891674734
0.7310936915329647
0.10544413807619973
0.4481829180181832
0.4622798237082072
0.05834270091602778
0.8311343518207225
0.7757875887661121
0.2187329696715638
0.860713203921494
0.7642769765461115
0.19832247631326422
0.648288933059367
0.628543299299194
0.19688272416318642
0.7131446594216319
0.645563806766805
0.23016516550029467
0.8898536478037506
0.5589788873447168
0.3117460157407572
0.825645315762324
0.695966285317527
0.2788008207584126
0.6452507573837589
0.38708127038076845
0.1729946786305709
0.4367033301239881
0.517559310160055
0.2222054260397458
0.5566021222667422
0.6067395102692434
0.12840088076581196
0.6849510702956371
0.5990919517421391
0.1949004993035188
0.6754796953885926
0.5794932393930174
0.17861173192277585
0.71725847779413
0.6253421063556586
0.06277041607293518
0.5632516581422359
0.5662798091764517
0.12553362360289794
0.5328429302855676
0.580040107651844
0.3364793242119286
0.5654985459059927
0.7185895895419656
0.22709671084709698
0.20725928142252198
0.031232569114485437
-0.023656473933072825
0.011978750586349327
-0.048162552350534224
-0.022081216323657636
0.7572979032306155
0.08707235012598259
0.216425593623078
0.6424645884711919
0.20082046534586073
0.011042805106368278
0.6627165528606855
0.0774106667072702
-0.00045343863131411895
0.7076431795237557
0.13534041777199085
0.059041438374426124
0.6020163380743105
0.012173896325434738
-0.09535591438187871
0.5493267914441726
0.06795506360046173
-0.1358360799215117
0.6591529250703808
-0.04175150207727578
-0.051925594038333106
0.6521885418243618
0.07583285557363213
0.0872128900869799
0.5185621085531058
0.036127638050993185
0.12254169386053627
0.19631569767320742
-0.0019323002156546518
0.09816401583557535
0.3060720684782883
0.057325124589232335
-0.02079634864594513
0.43700783076168714
0.3101258493410458
-0.03872195934856609
0.4602651198759388
0.3003683306450131
-0.032256074788626535
0.4856606823352142
0.20596885327980882
-0.027828807167136576
0.6549090050795325
0.08909774549948354
-0.15294361688935015
0.48109398473781084
0.33635886547715416
-0.018278340939108274
0.41509645599448197
0.15297596967717997
-0.14068928563167893
0.5470455197067963
0.2660078998478156
-0.023685699082434966
0.43878589259346334
0.07302810190563896
-0.14273592415224157
0.44523779496399263
0.26307586177287406
0.027840839354174148
0.45033798612165543
0.28169737668334394
-0.034184760859887954
0.3020791473362327
0.1843790359648626
-0.07259012311782928
0.23487211234870525
0.16774438612525533
-0.27827263834032345
0.47236208100040344
0.47437926917180195
0.0584413681511788
0.31211125120146177
0.2871946040033869
-0.10664947258529832
0.22612641992483845
-0.060568818627647875
-0.2263760314115267
0.13523974467257271
0.084153708011008
-0.1357434816837296
0.3508930159319703
0.13970640825985325
-0.02854961494574411
0.2998238374585186
0.22318655551848932
-0.007872037565360267
0.2717696128149157
-0.002690492714780255
-0.12675296184672513
0.21958266724799175
0.002939367392946214
-0.18937438811502888
0.5047793198273922
0.25735842929754427
-0.22535509212134383
0.45720346545649954
0.17676211618878196
-0.1954612481950554
0.8833407979268888
0.5235941007630526
0.18789170813259462
0.852383698390438
0.42766309946591463
0.22924045189642928
0.7157489218809692
0.41222159521501767
-0.012542062268261291
0.5550521279867634
0.3332071386964788
0.08127969527545825
0.6781270057127304
0.3517947123862668
0.0867002802643908
0.7545160509415307
0.4281731324269938
0.10647054019299305
0.7136117391954935
0.5175913323236011
0.039472798219839275
0.8102008968798574
0.41058351565866535
-0.07882546692153512
0.5534657259338016
0.1659445566394865
0.14098607652396766
0.4390747379265051
0.12338028358902117
-0.043326088758519225
0.6041474875650669
0.10484448371178051
0.00988561435449644
0.5671420880028335
0.08629702093677108
-0.006042405582819042
0.7942178119806305
0.1994864045258992
0.04843751690920843
0.6610973614926537
0.23185973594524928
0.11306299999543812
0.8620279547045935
0.33934372130459867
0.03697333310705679
0.5776553819957515
0.4334112774087631
0.14431129111907923
0.5381252089728972
0.3342742775521006
0.027702563460920326
0.8103892297217641
0.37176002276960507
0.24223191544618836
0.3956470950806414
0.24065305151939628
-0.05533158240579356
0.7154238684241717
0.4946283973911155
0.028492483517278927
0.7355859236422739
0.3331005027128758
0.1116850052006951
0.9008264734439577
0.8176768575745412
0.3013207769094399
0.9212669487368463
0.6901764744077615
0.43142126538359277
0.9057905785660577
0.6886964716871306
0.28874459558708926
0.8634966897475698
0.7001882983029485
0.3789307186092533
0.8591183644692475
0.7755574256688833
0.37826757467135536
0.6751030628050745
0.8764549639954722
0.48858555355298716
0.7481012427348354
0.7820277131444711
0.42193866162151256
0.8921010956067897
0.8075731274546338
0.5441165698821651
0.8404954455974889
0.5918285449449068
0.2518101879518882
0.861042449583644
0.4916798249179539
0.3197406459981745
0.5241160618569524
0.5115215758123868
0.22155069823054824
0.6735016790950497
0.5996169766137385
0.24039359923778425
0.6613973727494153
0.5466098068351681
0.1905329941272721
0.4694707221586464
0.5596045446498905
0.15464894717016037
0.5966306450283105
0.5407321088346748
0.1638116748152865
0.48085204102416146
0.5393641046611704
0.23010973351871472
0.7521868000682479
0.5519256069013272
0.3297443770251224
0.2382380996106922
0.5264598722058533
-0.026717670937456382
0.7811773568829969
0.4290830636110623
0.1837242972684563
0.9568420948019158
0.4808141073800667
0.2943320311237104
0.9545145878723988
0.45770643646964726
0.18096222882730506
0.9725976577233618
0.5404733155301539
0.24178645795357828
0.7479290195282462
0.4579713839537432
0.09182083725735118
0.6966226357765966
0.4233976221174113
0.19066271178360764
0.8489459484480524
0.6199060511134564
0.35271430513700935
0.7320754623490859
0.5045731828382891
0.2037165084306488
0.34813359397763477
0.10084127148235278
0.2378505345328159
0.2973289169663369
0.017812055991490522
0.06202880874819472
0.13012919894042102
-0.04353854571780594
-0.1807793758457607
0.14357558967013753
-0.339698483820021
-0.4392581918111178
0.26739629514440555
-0.13939238089993128
-0.3907074890907991
0.4016994203100768
0.09666757779068269
-0.035816531585987035
0.5067230524307591
0.10958594332237673
-0.028862106184849235
0.5754293399674829
0.06649690829328889
-0.02932461716504008
0.6956672051578765
0.09140019926047832
0.13630318193688246
0.6700065826342327
0.20796260806842268
0.11034386279717694
0.6679898394930467
0.3425541411253025
0.39900045326269373
0.7070968626876522
0.20091423387401036
0.04785793176797544
0.6351795050369937
0.6334635860794138
0.3149146127411483
0.4403912425246861
0.35264148214043484
0.24798950660433672
0.6730641116704146
0.44712052299804717
0.41578852553277773
0.5820137207816727
0.37725613261959556
0.26553070494509273
0.8086858654140826
0.44195250516040885
0.43383783471439874
0.7460355451919205
0.37182255193008135
0.46320249532533986
0.9612881203741332
0.5099071826751183
0.5303153275966088
0.7577113230437365
0.39882197170370143
0.46877276235373855
0.7044932659190276
0.4363888441285527
0.273244256412447
0.7588441728067998
0.35720588197966585
0.3181037099573394
0.6095807648047771
-0.01665253738964232
0.2023349560298215
0.6175774487430874
-0.055030388744715344
0.37783241328379236
0.717598913006456
0.20515256635004792
0.48570832421482935
0.8553144205685452
0.3528408787831987
0.3900943855247889
0.7818442948137211
0.2806286650642656
0.1817434550893044
0.4757858331162467
0.1742212973456634
0.03225533728445385
0.6620256820896666
0.4334941113312456
0.22104233015384844
0.5247383497058311
0.09384223119253274
0.30778885448333326
0.4917848920137154
0.4724837320527632
0.2332724662495548
0.4467261066735582
0.6980169365285169
0.3212304100157814
0.28046221895226503
0.45118161642281757
0.2892400515305504
0.28650201349004406
0.19012518485742133
0.1759836776808736
0.46824572522727154
0.14723260676456035
0.2709638304002773
0.5689703594903078
0.2756631825435906
0.31664441879158767
0.48597734781629076
0.248846223739491
0.5607783745103188
0.4347217123068092
0.4788528723406339
0.45010752197875736
0.30424004505691415
0.1819040446614297
0.5267461037126158
0.521707837209642
0.11863545428655609
0.27066750470173295
0.5136248072721169
0.46472337074539033
0.398884588504269
0.40817653706806856
0.2213291285006959
0.3644545069632392
0.32335427457348925
0.5054022546173118
0.45963627238536126
0.38563306214079457
0.663562488716598
0.6698315919473999
0.3847192427477305
0.6772569303711327
0.6691875886356183
0.3352915030092823
0.4552830655122658
0.31657667109796195
0.43732010171077534
0.3493299380276256
0.3799276417226696
0.5839579299205252
0.6024450126906272
0.481416295334837
0.6916322145612442
0.7226469031429905
0.573496273145188
0.33318751521123996
0.5939077430079243
0.2843474705329784
0.12348387436799722
0.26817545445517166
0.0873254350031991
0.04389687650808337
-0.015362038695871508
-0.19232199201927763
0.05386212894971579
0.02368663893921832
-0.10567804589184884
0.1193032036710849
0.06619738595649771
-0.13229792757996164
0.15079067044166217
0.0866088272598442
-0.11884030370058835
0.1013761077773917
0.10225999924602228
-0.12393077761678833
0.1231405559416365
0.10414924670761988
-0.16506457929604557
0.06260008269578897
-0.07729224375362882
-0.3257945696407208
-0.030931049078190137
-0.04350838070145244
-0.30309808164511565
0.011601758327366105
0.17094599444596223
-0.1438745164968563
0.059463091220521715
0.17469764814412234
0.020889961154941905
0.10436426171452731
0.14665853206674687
-0.10956341993950042
0.027694677876644088
-0.006749758417156484
-0.20731497040482424
0.1835562082057432
0.16684053469134663
-0.021579667901352004
-0.006606730971435577
0.062143187397719166
-0.10418904584286093
0.13276910217094456
0.05034152439621373
-0.13310102661164416
0.030290490895437262
0.023329667370964466
-0.30074022754623403
-0.10084890037708094
0.11614080643704135
-0.09127692211858847
-0.012041020665450645
0.20653076168827503
-0.13418330770680967
0.06756608515749063
0.21372030087302205
-0.15439884873217005
0.03677057227895077
0.21471704781161832
-0.13651455145668487
0.04563244278973668
0.21110551535785496
-0.1381220519351939
0.2522912660638414
0.43314285431934324
-0.05671506662644636
0.11362135460277714
0.1298316327875108
-0.1454851236936478
0.046332780739894934
0.15842934322932956
-0.11588263247291805
0.09667363963960598
0.26804578662953527
-0.1017809318994885
0.04577428059458676
0.19459604669441793
-0.14244021299573845
0.13021537538957267
0.21428154601677601
-0.059480618632820094
0.013034636601656508
0.2017749585395195
-0.23505903042748924
0.1281316997997763
0.14831796288196342
-0.22677429344193825
0.31923686351660896
0.5334605720684524
0.05135986247941743
0.05658749769387895
0.1515068295447396
0.007845293462161722
0.11490659397492581
0.2683349654577992
-0.04595151243871743
0.24885831546503945
0.3025504096045218
0.19043373596110455
0.11154119799649023
0.24497678255209981
-0.07568641533714132
0.17182304814743243
0.4879382601207227
-0.07214911379207632
0.059219268308823944
0.23401691877769557
-0.20218644164838084
0.22676410660329366
0.24574643735553542
-0.2710898591465081
0.2020750041510965
0.1423843199736368
-0.25221138690020556
0.1943841625794943
0.1814610516766763
-0.15380825138950666
0.17653695858179777
0.20942891612861098
-0.19085098939178755
0.15559848482662475
0.313227723961817
-0.05906472263565708
0.5560528169943394
0.7097567904477935
0.09103312115832848
0.31643699783307694
0.5773489449555128
-0.11630780259915907
0.3215823204295011
0.41489184649745403
-0.021549136421766903
0.25302921855988497
0.2806869762776915
-0.00301701558222635
0.22530116527031027
0.2585178479180107
-0.15561156433999568
0.4029893206642653
0.5086635805435846
0.035515596031455834
0.2070200971706986
0.5252875655283039
-0.036296925274368286
0.5804770318349664
0.5374818483238877
0.1014512489584877
0.41160729286249625
0.6701637041565462
0.08742547508716415
0.2524318242064632
0.44475173531910395
0.14637390808851464
0.19138888421684325
0.4878427999919127
0.2898367652632995
0.06753442237810808
0.37774535799918035
0.0832344552359748
0.2253884365038712
0.4973015234852026
0.21583042721708406
0.2440879763412397
0.6024020698374281
0.23510838741207668
0.18967649565722494
0.2537332085795264
-0.12153753708852368
0.29580666763244434
0.490346193519453
-0.0021777306316330507
0.27042807264194685
0.46575890828868793
0.03696076407845704
0.24736895899490646
0.3310735707140371
-0.0517040388506071
0.3644547940413247
0.37385888207349327
-0.08236256306265824
0.2310501892372385
0.5145423328018259
0.17062282153018554
0.22804585358457125
0.45813700352801034
-0.047879982001157055
0.21903746334216656
0.3475501971073059
0.23193811559473945
0.2252333653815004
0.40833805931679223
0.19214730432074653
0.17388556527881024
0.45639230769292405
-0.03197272832046432
0.2021968843819129
0.9215076059013996
0.1384579914496141
0.2548203164365556
0.5779180816439957
0.1397663591202356
0.35424986836621297
0.9264709513294358
0.06270127144264179
0.3562354368335688
0.8836784209258656
0.10896515757690234
0.18062240963644377
0.6611439773782701
0.15052081377549073
0.3218549309578255
0.821617516359112
0.1301039777439249
0.2910201276834885
0.46799539164667225
-0.01876974310701974
0.3728913277401479
0.686649427738961
0.26048235244726864
0.3718008267363937
0.8076615057970711
0.30569063984962364
0.08036121704612838
0.38913088243957317
0.11867714768305258
0.35285008413396324
0.5723837240728689
0.25389323004654796
0.2634670222475852
0.7145664961329878
0.1812508608864976
0.32304149220224904
0.8873591921804684
0.31740635442459303
0.3168547222489474
0.2763798052143639
-0.12335113648319689
0.37499374844415706
0.37588362326733893
-0.04413713942496677
0.5120551015445948
0.38780069318164045
0.2822551822651516
0.30859592795828794
0.2702082305424933
-0.04848255505043401
0.2338810286045498
0.631469557408569
-0.3104592192920992
0.0712794760738672
0.500280620359931
-0.43680008636502143
0.15590393168533162
0.794473318562822
-0.12073924729447288
0.3548147969321398
0.8888434187470446
0.0379166677152968
0.3175213228075503
0.7304566351329943
-0.00020743851596359206
0.27693270830469957
0.6243893622206139
-0.03337885102192807
0.3289929569268874
0.660033473066286
0.16065389492924217
0.21499497870554618
0.6944261869162922
0.03849667729601877
0.24379947468983004
0.6177790373570521
0.11008430635512306
0.1635736688827924
0.6628824827920231
-0.10106382765145348
0.3139628899207464
0.32540424010739105
-0.01970036685222477
0.2168337269683499
0.573414890581827
-0.06371168791885187
0.39069972485651816
0.8686615563273838
0.5482024309005763
0.4111061906715857
0.6616512463776942
0.4076467982604113
0.333188307134206
0.7615926919068476
0.1511286376301424
0.3622237993361721
0.912751236882069
0.36409643107263967
0.310982991432113
0.6222131681911686
0.23608701873102814
0.4465556994381875
0.8105660443250022
0.5748834010147637
0.232507862675278
0.7603236765853629
0.2525326160421335
0.38606836862300364
0.7875141851236195
0.1793087745920478
0.44055505504073017
0.895848024279175
0.3649166246124266
0.5160810497125776
0.8364837128106517
0.27045567991888464
0.6684717609564955
0.971389271486667
0.35392964025542917
0.3409713396491484
0.5234378995651283
0.2795480916032108
0.4631682105376791
0.7612338454742799
0.3010906647185042
0.3921198086481217
0.8045516351635272
0.4597414665938844
0.3805955554030167
0.7547273307099713
0.39600744744964683
0.45241741823112713
0.8600535191031713
0.48595203296260936
0.38671519663485976
0.6688638451688129
0.4733514828861513
0.660296132808981
0.6296603470772176
0.20039519259571323
0.3173487005241319
0.5004958404044102
0.19946281108026748
0.24524381649497137
0.46098103203247
0.2940061470805474
0.3447709144679626
0.6173433557922259
0.3851671733978148
0.5204738105032849
0.7038226226555534
0.21351892957938068
0.22786597518883206
0.6055215512770574
0.19627097226139112
0.2720686308320405
0.6362996848469944
0.1719103201678824
0.3900073358617105
0.7052588165095302
0.14043858059225217
0.47873771289527023
0.8944539995949475
0.15868738095435703
0.2506329765416188
0.7582510289715949
0.11388476756415325
0.3958871709083712
0.6586503229717997
0.035076346314170455
0.44690423461162987
0.8415626758507757
0.09428947334928595
0.35148067712631403
0.5440316675162897
0.21039296943083102
0.151532520822007
0.7294527845702841
0.193806861026306
0.4122571151442145
0.7234405281890872
0.24502812541904856
0.4206679893225862
0.8902172076678917
0.29092554934903253
0.21971764828723414
0.8880006755909435
0.10638897553610246
0.2612829804589141
0.9553472194459549
0.25060525212152246
0.30909255759923804
0.8731447952444329
0.1581528400423116
0.32498076300632284
0.9165239053263372
0.2571840629374916
0.3602333206308199
0.6306749656012942
0.024292901843412203
0.5244504786859835
0.9589363223231981
0.14080508776461179
0.42689898128592946
0.8003351655265911
0.150637867636709
0.47373125753362944
0.8850985260618425
0.17900956274417143
0.3809789412868114
0.7433904251305263
0.16033336638879492
0.40944969448154
0.8121554176238392
0.35277437125795913
0.2823154081232353
0.4694042874411173
0.1770053947508333
0.5505601709228929
0.9579275886608263
0.4223039895282431
0.39633127490386705
0.865961996443674
0.3722040442119324
0.49752293769500255
0.8230423562495177
0.3592354853795849
0.452110047562266
0.672896498521401
0.3966740093527116
0.5483550050244985
0.9359417529127565
0.29216461734847254
0.5451917971804527
0.9467990158245833
0.36108206143458854
0.5955985733682457
0.851367589129495
0.38698157189058624
0.5927514195424349
0.9367205503528963
0.40030544731560636
0.6057172522503229
0.9430963329210167
0.44327759887077106
0.6204734292464862
0.7003403530488335
0.23448877187671927
0.45575941437363493
0.8915843769795404
0.32678175634522516
0.4609036133247686
0.803987370807934
0.28223392888060017
0.3234635018469232
0.8992588459733825
0.24523573409968197
0.25278369979890447
0.7732073848063427
0.038351333511360955
0.433086438911186
0.8661123468982694
0.14147324731423494
0.40659737415523395
0.8138773781361737
0.20112393259264427
0.4183716271400816
0.9545554607697675
0.2230538462690758
0.2941635940888198
0.4450512501311536
0.15320548111356638
0.43561954506946976
0.7209267725880917
0.23743970915878504
0.2845132336727342
0.6194532988249553
0.11764219168176157
0.18586055527421164
0.6579244779149428
0.17794872063159256
0.046120600153101446
0.7063722721842034
0.32742395278254466
0.3172402998198487
0.5842618229787201
0.19441655300342403
0.28554948415284315
0.6418952903825432
0.33183893653213137
0.16139961735162817
0.7597300581162701
0.3945193934999177
0.2470132353201977
0.5742074492123771
0.16715060561804054
0.2771777317922553
0.7765247403679971
0.2480955606034737
0.024117691753069295
0.6220768036252791
-0.06726596756908838
0.3970851003420556
0.9175264293557557
0.02530533195435913
0.16937437474249745
0.7917637765075636
0.04809468494855399
0.21168542715279823
0.7753679476522537
0.23976600531803746
0.38794283504572813
0.7033269831484487
0.34176264153866764
0.3046395475716316
0.9593609185132526
0.3114198109758405
0.32636865616113203
0.8901062075984687
0.5018984141134718
0.33299954899153533
0.8575582378288864
0.42818373433272083
0.47845893254936894
0.96472516225817
0.34536846395220727
0.37456433397861466
0.9576206666243627
0.2009191864404749
0.22768732682800424
0.8817673234776782
0.19547237854486468
0.2311390148192855
0.8915897053676807
0.17810366821740634
0.39612661019178297
0.8180570847258333
0.24348592748309747
0.30550606325682594
0.8375171260422831
0.37141324525540875
0.20630649932807113
0.8738681041136189
0.2630544427010741
0.1933407375083868
0.8764688972470621
0.26193339296722074
0.06585385210332148
0.5116969246306066
0.04347331068720396
0.25155382157750145
0.7912980658223265
0.1453588261236429
0.24145577343715577
0.421942065902257
0.10835921371889681
0.24490341426406126
0.5215344311723918
0.06251158992809411
0.3816246510835751
0.7522650345770503
0.22834315323970444
0.4594536831867885
0.6995894293037754
0.26797318008651866
0.3074246027912786
0.6599619647236243
-0.004600238316519845
0.30135324361352245
0.5734213677730104
0.024655013710005603
0.213869967896248
0.8104041487645989
0.16956787311431273
0.3318345133326681
0.834520077928795
0.1648764427265496
0.2895692514910019
0.635690167020798
0.18148010492656177
0.1227583056339184
0.5929115407279482
0.1350747360734802
0.10924453511694894
0.39510674654266104
0.15165108671038655
0.2100238164612875
0.6774299826865422
0.32454262051577576
0.23659934447064063
0.5016202792329442
0.2733224395384486
0.16739617969820775
0.4351163653946708
0.16480783456460435
0.08718159382813273
0.4849175013849477
0.24792647844246507
0.21748654588959354
0.45518508540618763
0.22522644176708856
0.4345291165681876
0.7876626714127706
0.420530663493908
0.26219767006161065
0.8273127937490588
0.40426447660309994
0.39935998513484616
0.8815260222527139
0.42953279935486505
0.2991979538540823
0.8477948493952793
0.38576398010701946
0.17509505025678337
0.8512458335844385
0.38806667774676573
0.2110559624526407
0.8933114582447652
0.3449953979269307
0.2516014569203802
0.9452585546678616
0.3682668393069264
0.24336973062720252
0.6185946982217235
0.3804685974733253
0.4971196314529828
0.6547373029040777
0.434389386204561
0.4610373848582316
0.8531210126032456
0.47875865700816495
0.3940035178263048
0.8430624080194509
0.5377791336139135
0.4122419369435575
0.9162328609865653
0.5465435536812238
0.3830085346014832
0.8491254398324344
0.4925630145090234
0.07786055633148993
0.5870908816613449
0.09810881308080678
0.10801550545055742
0.6319415854624328
0.22252886663482302
0.2155226293321616
0.7465881585140165
0.32376177400955986
0.07542614858498203
0.820189293542102
0.3120377812783345
0.08071419338760238
0.7672426465868699
0.21192046087660127
0.2523127751208175
0.4676302964440694
0.07193301661500409
-0.042091280574705285
0.3871496952674921
0.06813271745105123
0.3038431008319639
0.6490279497004168
0.6556882159933446
0.3920017757327375
0.7207615660438287
0.4773423202366214
0.4892745809238429
0.8531529781447187
0.49046168403166646
0.5375350150036402
0.8728300280173747
0.29888998460240573
0.668122840615616
0.7035829655943613
0.28255553223658925
0.5371616552660538
0.7933354054955735
0.5029636952968772
0.3706813408320805
0.7419519469371383
0.33174748623809147
0.5038714061936864
0.9631304038837307
0.5340741184673307
0.7284005495468526
0.8624377602165678
0.2899294347700416
0.5153369799167817
0.9439999401062049
0.46283088785366905
0.4680530832386667
0.9113050949520622
0.3075893263476206
-0.10612488077998272
0.4986660837438798
0.06992502305559029
-0.03125449076461285
0.8617416952573136
0.1515901156900449
-0.07886234334865047
0.5493768477291714
0.04805463911661455
0.022913564726085845
0.6909040118111774
0.2602680776661413
0.12714486815606899
0.6546624852295867
0.14632337577814086
0.0892213445583897
0.5505204739618266
0.31816757187112976
0.020475350809160943
0.5625878323003188
0.2601353840324724
0.08209837591080159
0.6626011534284835
0.21105832168281874
0.19605436742362833
0.6226049661142461
0.510617951542699
0.30741475005428154
0.7568819071341899
0.4918882809479958
0.36360149958868526
0.9426421973955003
0.5473381678451692
0.33056290153279866
0.8186713905073668
0.5474251302244779
0.37178146421180247
0.8989743457058512
0.5701536010374906
0.36824780282023495
0.9171128272893709
0.62620845596154
0.481088255119797
0.9464558706351907
0.6565162409521389
0.5225472759200525
0.9418196107485015
0.6978040544107266
0.3859839506190214
0.9549354381278481
0.4840551762176078
0.4102473165740589
0.94496727416044
0.5407564528751679
0.40693245869417655
0.9865172530098912
0.6277810816890412
0.4125491630480902
0.8711323422599657
0.6740046309426928
0.3612751885138815
0.6907847074307798
0.415590564591229
0.3797031434966889
0.8725104954105531
0.6419235887041495
0.12651133057814992
0.7477545694513302
0.32280714872675353
0.20749813288832278
0.7607011969039457
0.37695918483936874
0.13825083111880662
0.6492784614464685
0.48609132573453306
0.12005409309279266
0.6624961314309077
0.3451367122370165
0.168391429894912
0.6448610747907156
0.24321448013393054
0.03545331971184226
0.7999036141599565
0.17949814319521185
-0.002297741349819027
0.7605472294206692
0.12952778031495987
0.04718193861138036
0.8574499169028187
0.12423842635396767
0.09320415042842277
0.9109461535873129
0.18527480807412702
0.020745825036902817
0.9510560234650076
0.13097590211903748
0.021272249154782985
0.6994163693803683
0.041596165743505914
0.010709235023275315
0.8077841985967712
0.06610472450590268
0.09894996824854771
0.9370363412584373
0.21567227305014716
0.016209134155247586
0.7991015312707925
0.004608693666424343
0.10465850149062843
0.7506431119183992
0.12400102105087907
0.1794026404871479
0.8332651773052469
0.20527896449784414
0.12294749755499214
0.8042438441252363
0.03816107176050849
0.11182725346091647
0.8645107693076087
0.12701555159727
0.21868128407248297
0.8266184962914435
0.14655748280880254
0.299444099251942
0.7299739677535833
0.621787921489118
0.3445034307760736
0.9274338208269735
0.60744698147759
0.409510162406701
0.9333789089312035
0.633763386111869
0.26579369356565363
0.9015341524676127
0.6648923418677848
0.2842022383194458
0.9388025055055472
0.6260210656659015
0.17664382841936388
0.7096470965364874
0.3014916950935099
0.3457926396246268
0.8683184907947128
0.5280525502036063
0.20018901996094352
0.8779305904825538
0.4657498847035022
0.2234447132343378
0.8384015443592953
0.512632063904778
0.22110892459687165
0.7887325087795962
0.5120534994030355
0.26169807692452285
0.6431437527858155
0.5405019449211016
0.2808168861911263
0.7864641028723286
0.5817181822616914
0.3679352176878633
0.8764285153427712
0.6186223888789566
0.31571527920231285
0.7858901517189841
0.6460640437130736
0.3686821696137435
0.7392287415773533
0.4492263270882281
0.44162489857212084
0.8552574436828442
0.6064484190021362
0.018887925143453766
0.8661863896720039
0.49745833663008665
0.030113237631844803
0.8307731656989702
0.44618495942577796
0.14068015456926836
0.9150073105667351
0.461194683887599
0.18716603754940325
0.9622377217668003
0.47420874061409624
0.17128467205738324
0.88116794022684
0.4357451151878199
0.08850003636110576
0.6455027779586715
0.3052183547742765
0.2645161119302963
0.5699627879181897
0.2616321537337051
0.19227704510169116
0.7895098879084865
0.2622670163046814
0.2645301711027839
0.6650464267336833
0.17937570505177503
0.38373429977148743
0.7936319651578394
0.6833629325680363
0.46047901900968935
0.8954528314711163
0.647455292903271
0.3714411855444772
0.7047000038227097
0.4208284421510633
0.4246909255215194
0.8813246928937237
0.45904080833688854
0.3025714226122437
0.8284331669147396
0.4644850019917092
0.2979493884900857
0.609357745199082
0.39743121626071365
0.2628050405605222
0.7429477170069014
0.48630469158155987
0.4498949226558044
0.8970242600470901
0.42814462145335763
0.4349237540008446
0.8266735322054837
0.5358964216255689
0.057995788433346324
0.7595403804931284
0.30584384822780764
0.03376949102243005
0.7321439525844434
0.3121203783592689
-0.050348176511876716
0.3425627845896749
0.3895697572195288
0.04233681615361879
0.5670677002265352
0.41252231689156943
-0.09767554457414569
0.39857900754293146
0.12317750885173571
0.2085467546296423
0.6193746808714711
0.38965613875848315
0.19057103760138397
0.6321043500405581
0.49655468478656123
0.12971130244449816
0.6999624731079516
0.45119509263711943
0.1791266654757834
0.7178048615730583
0.5015509861312795
0.21942390516909893
0.7077328560257202
0.38507842796767194
-0.009909184882671881
0.7326970955791152
0.2723794158606846
-0.03271557999248316
0.6125076158364948
0.32900592433454
0.14543611747595214
0.8207619625786198
0.23140134079675384
0.14411810417701487
0.679857838331982
0.28035025782645573
0.13041955464490684
0.7097232591061611
0.1824710106611935
0.11706414421652761
0.8412548256778241
0.3132268113426183
0.009259215457350728
0.5426748593475055
0.3745658630485638
0.24646798438330159
0.6705808567302802
0.27402778083493057
0.14225002634946193
0.38857950740126496
0.020808025519865957
0.11253847015433353
0.2549331738798699
0.13398709818902427
-0.020336343861113108
0.17185902603662598
0.05884575009490306
-0.033470417172497935
0.39908485589777054
0.28321524202892134
0.11063200452621844
0.489290652465096
0.4128342349489099
0.3528538002763384
0.7710392950107849
0.4211834079473413
0.35819014077847233
0.545979054764836
0.41226708664991796
0.20933005866536614
0.06101782074136075
-0.1585853072667128
0.09441081633135161
0.06980671226087641
0.03727340297589648
0.11983188406053194
0.18940133250040725
0.055611216945816694
0.036321462083686876
0.062073381939949636
-0.04605051023100028
-0.04528799320449914
0.06433468069271765
-0.12661166440517796
-0.06217321204572784
0.08727751723499737
-0.1510693028962688
0.037189502197954805
0.08760865783038746
0.029398511298634113
-0.05040279050066138
-0.059761983518391154
-0.10568538748700344
-0.08166867909296538
-0.09630691948356046
-0.01002493208491426
-0.02184563407457773
-0.024681607255994283
0.0740217538105288
0.08207421857973335
0.06948593117145557
0.13540320752586127
-0.001648296462588912
0.01070807795965543
-0.09054726914075928
0.023728067949071258
0.029158561616353305
0.06801750598888856
0.014025952488772413
-0.0661302844045348
0.011589357547152707
0.07180951509215253
-0.052243910049203555
0.039684372824778144
-0.1179085648331171
-0.06964749303539589
-0.14036254799943437
0.058844912133187315
0.003052203989155549
0.006644938460016452
0.025327256900436163
0.015120710265690543
-0.053708807818718514
0.028685014973657927
0.03512248686040486
-0.010556578888214627
-0.10604717591499663
-0.12837691067394857
-0.12141465810656765
-0.07561901736673761
-0.06569643114959534
-0.038514924452098746
0.01930527026013332
-0.09172163139621892
-0.03051534950000752
0.016789182880941778
-0.06559676020202315
-0.0876251346298663
0.07173874876944776
0.06577564661315644
0.21034251573561288
0.06707848042326031
0.2946147794376962
0.4502399797125185
-0.012106709115693733
0.2734273257803278
0.31831965045468996
0.07200301917849423
0.2873562076828644
0.47173976598378276
0.05951915401774012
0.3581873338709204
0.6096930257122976
0.24160980597695203
0.4348235173699341
0.5869897094629023
-0.29514351778234377
0.40315694989087303
0.33563387832696057
-0.23034423324473507
0.18718645904655795
0.35789882036156406
0.05292685273217245
0.32805997990429514
0.43509924793649424
0.08619468528654672
0.5411563062193507
0.37659983718366474
0.19940361316377564
0.5161198993656044
0.6103590692297971
0.07733072752094469
0.43758036878026607
0.48159338154506537
0.1778711944669471
0.14457401946772747
0.3511745458176417
0.16615426236642677
0.18650332659944147
0.3470110462289625
0.1651361750721745
0.32574241709002816
0.40693765265597087
0.3830830201657298
0.4378256155179656
0.4623523068395731
0.15461660130019544
0.1987101289284268
0.3474107461680884
0.03737284742478662
0.0461337247940554
0.0738027754280696
0.22908041673466523
0.6336142097876513
0.6195304041288312
0.36299647735773516
0.721142572841138
0.6642617595497293
0.1740544536914424
0.6476323559860862
0.7369774752567181
0.2661264914851428
0.7747708840794394
0.7544278902095444
0.15026132398766945
0.4233968593977032
0.5815787887156632
0.3054126610442056
0.7516968134521819
0.7749194679526223
0.35706451727907945
0.6759979475793727
0.7676373571159272
0.2802158539581632
0.9352621032491366
0.8192582042864438
0.24721328212478316
0.8271811629642163
0.7994754877060183
0.3040782974495613
0.8866893038873618
0.7765007716153249
0.31304257049516515
0.7577284728045064
0.6938650912672406
0.2841131972539653
0.7893518348311922
0.7875738898136647
0.05823222031813151
0.9036015332379917
0.7632680251456108
0.10695697152199009
0.6572301938113487
0.7651470794822318
0.08886057052435584
0.8562703157660038
0.837611023702219
0.030847042382100627
0.8158294242611156
0.8397916413936297
0.06750435725470535
0.8955537646707326
0.8336741125205478
-0.04045543602353018
0.577595731397929
0.7444848166507574
-0.011505260831816397
0.6164958530988591
0.7376091948622168
0.006101235015723869
0.6314418711886522
0.8355978965902582
0.19469106632111072
0.7198671246085115
0.6211068633855148
0.08781911070728982
0.6514499651015688
0.5139655415546392
0.194966058811459
0.7396007588709481
0.7844207665043361
0.18343976062194609
0.6173113365689216
0.6271696931788
0.13264137249780011
0.5477967447573553
0.8245496395955199
0.16077318631720908
0.5521710683885557
0.8682071530495528
0.0048661264171700955
0.5008014752154051
0.5300811683346762
0.013669020509577225
0.5444594467158659
0.8143601457786931
-0.1083578784462494
0.5159785220155211
0.7097611332968123
0.013190015566016892
0.5937901044055794
0.6603107467540437
0.09822075974006092
0.844131692548702
0.48761647427470634
-0.11253211108463904
0.649870718781095
0.5463111997132517
0.11317702423137664
0.9245998906849484
0.8310189793039735
-0.03634540120257099
0.8240917199807196
0.7314394507445822
0.09685569623757435
0.6401654065352749
0.4253268413365547
0.12746179479585176
0.8641266977778179
0.48757790174671645
0.2601643582948121
0.7892260053402247
0.531728163507369
0.21458159323293574
0.7153362364832527
0.5560880930782781
0.08526015792591797
0.6053262022354775
0.39156627160108837
0.15468065514577448
0.9013442710921229
0.6991115698908119
0.13413411921377538
0.5768126236087507
0.52186196106152
0.21060129276832668
0.9547125492259165
0.7371819767282466
0.18468099718283004
0.8763325005291073
0.6331742483562854
0.1903257384896588
0.817993871259334
0.6092832426468215
0.19032270462128095
0.534899021503018
0.389243722192986
0.17075798355901534
0.4105961446795009
0.4795306238638539
0.36912951977048536
0.7212474381739717
0.681509221665914
0.20710528073884854
0.7442587811059965
0.5941275023580042
0.2829840963743939
0.8891592333032958
0.5401249664315204
0.18847936567498141
0.5050072902715419
0.5138912868468172
0.06625456014511294
0.9625926891165291
0.655579412484544
0.021743419845067124
0.5712948920675385
0.6417400215849633
0.04113188827849722
0.6754852423739206
0.5866758551969595
0.018839704515522027
0.4019488642066291
0.6543118345496484
0.01808932686294841
0.33176294095514525
0.6485432788081924
0.10195481722059062
0.3079264264243681
0.40936301480563886
-0.042506996962660366
0.14585993705568534
0.3443189631130237
0.01169583811077788
0.15307821985039155
0.3358256364831108
0.024996878167245773
0.34095608458109117
0.44284860466401554
0.08439366178190064
0.3104722273447279
0.6492195348675591
-0.0939922679208778
0.20434165718727093
0.5089814974397442
0.15347248684740528
0.405693075738903
0.45472063660496154
0.015171700592786748
0.3658937336277396
0.26563321899337117
0.24060212158324984
0.5840132368584054
0.8364721786252092
0.3823640165622779
0.3912813981588878
0.49528116271519707
0.10336291417772805
0.6993709369313701
0.4818396184327749
0.24098607150489382
0.562063950993132
0.5920846520159996
0.29216253356879535
0.8107680799566286
0.7260013025407855
0.16366857564300605
0.66941221213163
0.6466895330432736
0.3864522654736925
0.5998949495651009
0.5342362205486906
0.1622647210678823
0.5759976244124574
0.6551736291600272
0.07877435707886547
0.40326190909029846
0.45316070905319383
0.2963059685107418
0.8128696477125947
0.6954576351693211
0.1403375246660972
0.4087843281155626
0.4585397885180408
0.0601768958949656
0.3491574508245007
0.3576586319557151
0.2621000445179805
0.5816800428522504
0.5019859492887124
0.262884660433815
0.7301148432418898
0.6603907673965272
0.288255942503862
0.6922393821042994
0.6667795498488465
0.257803035281602
0.5086823904490362
0.23253694510991463
0.13959554471817265
0.32947641328059674
0.23234622185214943
-0.06355495218262364
0.13536178026621637
0.38501771500374266
0.22753568930544507
0.35769019800729906
0.39250288158949465
0.15573398633262153
0.31679095406205116
0.3227889995946685
0.326820821773534
0.43150541518322805
0.611006482883266
0.5797429309290267
0.42236512850959673
0.21895757673615246
0.408548570377368
0.614627163638048
0.409865942303796
0.3588943178126036
0.5346552777112292
0.2761958206785474
0.2519460265553032
0.4292600950740027
0.26707064163980954
0.3067925759084904
0.7012570053508284
0.36140541799159914
0.3294347204520924
0.610161931986662
0.37697892190952764
0.20185071727539788
0.5792338325618309
0.08657378437083436
0.5150814498692018
0.6775695886635169
0.16919388798256557
0.3296910963323543
0.7134023508026692
0.3364920835472809
0.29733419030017805
0.4736941441831165
0.24644285193540477
0.4687131309363775
0.6933942283745009
0.5632858267762499
0.5768788943683885
0.7426451869454349
0.5050345440218531
0.403662537429383
0.7034281128720249
0.32052547579112123
0.42490329100293855
0.7625311422890284
0.3752885723365871
0.38810971900707214
0.8363926579296908
0.3428594495900311
0.48259242176732253
0.828615461439125
0.4914874846688722
0.612259505971598
0.6925566517734068
0.4961608618359593
0.6148302130249772
0.9644616273044129
0.5996096872340599
0.5577512048184111
0.8062816031961084
0.5549049922259647
0.4565004945063761
0.8004517241059212
0.5618950445541254
0.03704262510730583
0.5777978469375333
0.07322261114807871
0.12847324549614414
0.5129534724171614
-0.003774128942115748
0.24323550454795867
0.5550896209290708
0.3474200086507677
0.1783780739693464
0.4266312722768243
0.2514518050866537
0.06331273589907244
0.4917508783599389
0.3821158101003193
0.26194232387351407
0.5811607828306737
0.43246387136639863
0.1605608079034254
0.5960329057217659
0.5688821677613359
0.254929454473267
0.4723857808923949
0.5055710888804419
0.13101100060710094
0.42528003217271354
0.34807344117089384
0.1606007281236866
0.4954240033201027
0.47858306297734554
0.11265711234056691
0.5994582311275526
0.3426012060249337
0.1507073635180528
0.8225418897059307
0.5122905591771527
0.1556011460687959
0.943137090430797
0.5067052221888051
0.1628939553304058
0.9318918274577918
0.5189758000440504
0.2927621382508918
0.8707981003112597
0.5311771047519898
0.024386301678600245
0.8632380601098157
0.33601960367724226
0.09504374945074966
0.6485113550156798
0.31213779285024346
0.14070555716827887
0.6301423176981493
0.39008517448348934
0.1173318013598019
0.7264868388362913
0.570719577455939
0.048719302073594054
0.8214045977783493
0.37859443489677114
0.0360698937621571
0.659846009779226
0.24778875679981657
0.0376925736049348
0.5128272803591077
0.2825348699724457
0.010944511370576776
0.526681272425191
0.21646986650859618
0.046104027775187593
0.5939435193706973
0.23304761153031067
-0.008085751298788088
0.6285910696357213
0.2383900233193793
-0.2152424889886756
0.3046449179383609
-0.07165301453783002
0.049240388521137934
0.51293493836885
0.3721230014135857
0.03308286317152843
0.7207061299846698
0.43694624596988396
0.014950849035798254
0.6442526402526894
0.44349271034125914
-0.18353261526025072
0.29693121422794855
0.12070682028609082
0.13028900056091192
0.5897409160513258
0.4320226700149528
0.0049343544284209465
0.41208498570752716
0.4708470917498668
0.10715807249297046
0.7133506759400823
0.32754838887238286
-0.06589595672596299
0.5769424249189616
0.3010194308853331
0.07229325810619144
0.48454738469870595
0.2966543238995607
-0.04967006212966734
0.4445364620695312
0.21917643342444987
0.0859530089927136
0.45477215170272
0.314253833702811
0.1286971716327787
0.2833482816822052
0.02174618564915044
0.1606099281780337
0.4341099536149672
-0.024906535532940727
0.08610444854173607
0.23758579286731601
-0.10023134409678755
0.22424794737514475
0.4291439014317383
-0.01727326235266792
-0.005401896094537548
0.4509604843118118
0.029775092129337093
0.1392520997584792
0.5754339322509932
0.07631032713819079
-0.11624909046761979
0.2911322728160911
-0.046082682421812585
0.0020245049711351583
0.23827717823154482
-0.02784509505971485
0.05064430723928072
0.5930076091350588
0.08064021828455067
-0.01016061322091976
0.42215991988583956
0.0832147137749259
-0.021961185207430026
0.4548037940757844
0.2925214556292286
0.15505922603705236
0.6454138908333655
0.13067440020719862
0.15311491010099396
0.7315252356349612
0.1533715252446612
0.10380294372936254
0.7534434581679217
0.2034300936167586
0.21799184346194628
0.7960416926025358
0.22294938469525488
0.12176542341321109
0.637835281388796
0.07757478204581206
0.12713290995107104
0.6566371028009208
0.14436558789944415
0.062014702793825996
0.3897225007020756
0.1999897473451241
0.17264652754566082
0.6435035915950919
0.1793666242834009
0.2624694097912507
0.4068657458447439
0.1774327907939231
0.002250404856231264
0.10933885433773166
0.08568261357596048
0.10181973879862125
0.17506977360695347
0.039941641689432206
0.17774573382900133
0.27385147777110835
0.10963104271700419
0.23216269774173703
0.24834913721245616
0.13775186180407273
0.04784856170840539
0.32382491826018067
0.16139836279612169
-0.010459775809534153
0.2902939021514584
0.1371791273696324
0.01825396212792324
0.31343146231930785
0.022667586681148544
0.04832757024197968
0.17324069472019132
-0.05647811896347477
0.05701588178536979
0.5372528974607671
0.1271110624974453
0.10234329170905618
0.30139654878844147
0.1846306548624992
-0.044824259163721986
0.19093518102981258
0.1289692519558459
0.09943713833562197
0.19134937193096596
0.25395339033393194
0.04191314634111204
0.20388675372670875
0.14845087751584318
0.018677702879670317
0.4406618210539208
0.23903129881750435
0.10610988156119375
0.42449574404813056
0.265743355828749
0.1543515149299726
0.44760799624939007
0.3619734912658371
0.19171437447866752
0.35654145965690087
0.3831864455871331
0.12055369756187452
0.32135033140657254
0.20087042276922243
0.037723941345548406
0.290516210179496
0.23769946774663833
0.15190322677287305
0.3837386846558891
0.3743140805732993
0.09771552512389664
0.30014422282322206
0.19842297018854493
0.1416508100908574
0.15643337719581335
0.14113542840199172
0.07991611702671744
0.000672276100986989
-0.0030076565759758703
-0.06824949214452466
0.05208047975275176
0.18233695988183637
0.12229500977807795
0.1494893977714523
0.2430695565062278
0.1630556789989172
0.26997877946413357
0.461571721053556
0.15473495930204473
0.2005020665717503
0.30033188349042894
0.13497819661589675
0.1526088577751589
0.27539310924850074
-0.0023191956177702217
0.17568895332245277
-0.045544741981350695
0.20098133191292578
0.11449582341987125
0.16301180067261095
0.10540931590519995
0.07984194038602294
0.1341796896068752
0.1322421206212754
0.27623563314084737
0.2868618455856949
0.07493583753489166
0.32241599336866167
0.24534914726586163
0.16336510469065263
0.40664483629225534
0.36170549114484357
0.023985626509334796
0.27036194976580985
0.33058955188959327
0.05072089084264416
0.2552901140469553
0.36499523784523685
-0.1489196113458839
0.17235213385609457
-0.1309471454286987
0.08099753650117944
0.4081910454666207
0.13056968442680447
-0.04746179046712433
0.23062440833894177
0.06630517186351478
0.14536459142656483
0.36597093553824117
0.20975111763886767
0.06523694931939712
0.3186810166340862
0.13959259075671318
0.14749612034743936
0.5834927609765093
0.3761675210345852
0.03220967100491162
0.5635158069143043
0.3072181917868172
0.23486843180981418
0.7877390156474056
0.603583921636486
0.08317760169643314
0.4695831915176799
0.415709595226161
