0.6320828790555908
0.07807765422899143
0.24348741699211152
0.4331154582832014
-0.051224196020129016
0.003628821045247907
0.2869689970917881
-0.06223262572888009
0.02130061889772906
0.2139434297628207
-0.08636586765220775
-0.001765866325163401
0.27499650850597923
0.17678892433196713
0.15132307303938808
0.14673101602218647
-0.032002867278363545
0.023102031707708304
0.15121613056177385
0.07423783004875813
-0.02790174245914767
0.31047782434239163
0.5860388584762335
0.4348813502136363
0.40507352756045967
0.3400731721741846
-0.010199188918150665
0.3870101204830465
0.5407202804087556
0.6256741708819097
0.3894877209783817
0.3120337800430621
0.6687823959831949
0.3100031835784336
0.4316423223003438
0.5260899638803324
0.42239477454055185
0.37163490750538253
0.5709618061527043
0.2654064694459364
0.32826088222131655
0.4233539989324464
0.2886906578775228
0.5788742615156688
0.44799709549892885
0.4152619447502458
0.5256714902875648
0.46212903266983874
0.44751767266193043
0.509001891411091
0.574191674942554
0.6561261143643327
0.617717689169099
0.8287455039974723
0.5251690457878129
0.5069988563985081
0.4700585033471326
0.5148395785961581
0.4880709834431873
0.7193463215827696
0.3878379832417414
0.5380470041081648
0.63900696360198
0.27985160046727914
0.5162444208162543
0.655866964449824
0.2796872313223282
0.17369197595438204
0.37749306091250706
0.24550857990144165
0.3277228501141063
0.41866932432310183
0.30351216860402686
0.2720522665950704
0.4942482112382748
0.32990581009678244
0.1399774818910784
0.3630406105348878
0.278211255966496
0.12170304161554624
0.6134550992851513
0.032567719181735386
0.026748868135947
-0.08926456084276174
0.06026536045839589
0.14723118788234565
0.1430058944538498
0.1686979248907595
0.17719997763291526
0.18314034251788025
0.06348637937893122
0.10775055554840751
0.2674264596333041
0.08405719699870777
0.1722552629981242
0.3084385169652729
0.1379678780662431
0.07444031580729045
0.15641506929613647
0.1696260468194888
0.27450558610140174
0.2769020182473664
0.2972702058972427
0.2754782767645142
0.45622006785243296
0.1907757486642346
0.2935122054043274
0.33167631013138843
0.00680896249461308
-0.13584919336243373
0.18006091573497204
0.19912323006822552
0.2689034194574704
0.5256193119918943
0.07158906095306983
0.07736576237104419
0.3982212641691277
0.11563911512690377
0.03974118725198758
0.23126202965888826
-0.08668140544307676
0.018622972056656334
0.1246072875028081
0.2100763058446526
-0.011018004397382111
0.12520641990258036
-0.11090494470172224
-0.09351666961862488
0.1296824469413161
0.0636250749966194
0.09124330512411427
0.13402086154536397
-0.07592594282611215
0.010885104959084957
5.99615385065734e-05
0.39009435991685987
0.5796914280541994
0.4435670519490831
0.24466323531729403
0.5739666461700198
0.6974148371447799
0.4437776667491489
0.23285383231810167
0.6239556981843559
0.31622868639607754
0.31082633305059004
0.6201946978913829
0.12141653236058206
-0.005142665677568017
0.35042372520869003
0.2546037400647161
0.1337806619561156
0.46613392447519686
-0.03823463382746849
0.039745805596239
0.3738115190080753
-0.049941456334068324
-0.11178643129449974
0.10815050378602878
0.21017679990979446
0.16842680700148197
0.28905779234658857
0.20354160975173058
0.3230998814725248
0.4022742121977735
0.07703874552929665
0.1612460271970061
0.26283427634365747
-0.05883234500663372
0.015556276190432143
0.150859342591848
-0.04864641948214621
0.038255137536163684
0.217310654505839
-0.003436029092493559
0.000352626523331661
0.41012067680036024
-0.03617644664270972
-0.022752577197123428
0.24938897412281041
0.017196931232814065
-0.02569236590019424
0.18711291390054174
-0.024219603972643337
0.015214091139290752
0.20547025626246995
0.022235736602197416
0.12123335002888228
0.2974079805487718
-0.02832931604283481
-0.055441789936702755
-0.0465448787281816
0.05732358059148699
0.12380667058857564
0.22972973531910995
0.07688205389704159
0.17391973356338963
0.3019055546989019
-0.030958798742197577
-0.04293329288965805
0.22148474479965496
0.06455800439180553
0.27375261517152877
0.4825122777702838
-0.18921156039743214
0.1342098769464319
0.44293073789334664
0.015484487986841758
0.17210221390638564
0.47959015363775714
0.038529484629332145
0.20837043410018496
0.4410759470171799
0.006537438760630981
0.24977960141123776
0.5175427893519577
-0.1162957613712012
0.2313387246759478
0.3931949009475702
0.002400439177731176
0.26856136561910154
0.5739762303430844
0.02274620566604546
0.22570894108283263
0.6699364377887076
-0.03781768431471581
-0.05357283395047794
0.49703881613724565
0.0032550709799643515
0.09059674642280967
0.30089236502395483
0.04502265884816437
0.15301320686187342
0.3273821369957809
0.05785300073900007
0.21357978503858244
0.5091498432796913
-0.06387380100004868
0.06373786306467849
0.5039255214940811
-0.12028102448584227
-0.03829332055547376
0.4354331740730343
0.08354604641917392
0.3433838267990549
0.6570652519392068
0.13487180561257592
0.36127260444698805
0.7140314266583154
0.12817146711249378
0.32283227819382165
0.5882021604476952
0.08613722260126681
0.27613324896189223
0.5485641200564527
0.06961775727614611
0.2635504290055424
0.5429194249279345
0.07739999727724853
0.23918349352854223
0.6958908930719757
0.05984643979496905
0.2246550191973703
0.5858941358049385
-0.11346481493310556
0.03160412171749675
0.5936419208425225
0.15006685909063797
0.1467010316947272
0.5538412917564337
0.018002612644807597
0.19688503489978335
0.5338264903356904
0.007676342172321981
0.28496463708723485
0.6901531774381287
0.06305380029583926
0.2744918971492548
0.6063670781147028
-0.004496527452688859
0.13266165557174894
0.555949020560413
0.2390435817776234
0.30320954471718164
0.6468625311683216
0.04012755708085093
0.21489291079502093
0.6481779340838338
0.03891901659482236
0.0868889515228872
0.43375332529673094
0.26409365699546355
0.3104671252348729
0.3944617105771804
0.293910849326118
0.3812805815134522
0.4922570260263452
0.282231125225288
0.4569661050751084
0.5149850708188662
0.3335046497361228
0.21320180585651816
0.5658534513331305
0.22768487789441563
0.08944717986529538
0.2506737890181989
0.09064459872826588
0.5077184208914542
0.3722297879314037
0.036865367944849195
0.45126561547830435
0.23377218547393458
0.1463492253738455
0.4650345200529887
0.4245025032141805
0.18929752732701122
0.30277516807549876
0.3165596367950981
-0.008366835831881678
0.35732873893121697
0.11106329960560335
0.05836450765397548
0.5170214735183312
0.48950948125253635
0.10319078183539168
0.468027505501151
0.4454037920953076
0.027813701170352374
0.27706579907303297
0.3991718528023388
0.00850067190558066
0.3556621289218677
0.3551355134356801
0.09811638264167274
0.56104589921267
0.37671252200220773
0.13545096061356854
0.6545021531463089
0.6196996431058339
0.18951471019829716
0.5115245651485129
0.5622406186945554
0.240965938455086
0.6184446265263698
0.6081154207938699
0.3208212410292949
0.7843782456282073
0.73020276147267
0.20579314476526708
0.7246985057865039
0.6908732345355282
0.06216276438604143
0.6043295059200565
0.5320900778247523
0.1579046759044791
0.555699071919975
0.42460169222967425
-0.06576735447699575
0.43415026080919783
0.5250977234008621
-0.030070844043721234
0.49746194310779535
0.4783942047159581
0.11097890577036582
0.08638138646010202
0.39763330610562375
0.16110512801738874
0.20152509705689053
0.47769205340991816
0.2992771861408636
0.36381180547279546
0.5883516625595344
0.13387899920033638
0.316743004172548
0.39890036544940277
-0.174808785385352
0.18238381971690557
0.2747926581336549
0.009369312417594554
0.27863919781518715
0.31237567848324765
0.058969278972477175
0.5040713818404797
0.3679624445028885
-0.03506935039427264
0.3094793824604556
0.2590678241262305
0.12900125964401532
0.4516141344844546
0.335937256107404
0.29159917607592395
0.4335942351701695
0.30207903851575896
0.1850869964637159
0.25615946892455543
0.16404778297967282
0.131588004570468
0.10784159333455227
0.28888963309062043
-0.003895295547994387
0.027973674035700273
0.1783126063670517
0.06321919129054028
0.20824958358235546
0.31450998916579714
0.1807844871178381
0.3981101441345613
0.5513968530860418
0.33963634037896306
0.4374614554220275
0.6150731403170346
0.31402071375436
0.45639211789834233
0.7275403387755666
0.17212870627703175
0.3915332658912183
0.5615527828985545
0.23104389435901518
0.5851948784169368
0.6690168892052453
0.3200513704773237
0.5306300836326004
0.6160480933351751
0.15807257327885482
0.5538578344753542
0.6059440265079914
0.13898692996312412
0.6976060522178829
0.6331990656086368
0.23373539700302637
0.6174581483450549
0.806346884796949
0.10107952847292484
0.4712844530044036
0.6424240592533552
0.1337841193055333
0.42280939024471065
0.6549736622303364
0.00398255303941911
0.27755213728585026
0.5584801702162681
-0.006590647332222236
0.4302637989753506
0.5531213887548307
-0.003143135401763291
0.3047005412741629
0.3534587057518074
0.054475679569540664
0.5322592061108172
0.7101038016517758
0.1462739769081364
0.6308438777671144
0.6451013977955424
0.05311659612511861
0.483468452120843
0.512556378428573
0.09671096209933178
0.3413285621775058
0.4092700658343409
0.15467776841578537
0.5118372983143135
0.5473023343732979
0.006544096683094053
0.3316711675370901
0.47893722534434546
0.023514050598052685
0.4055006904813475
0.49443709486303694
0.21446892382170935
0.37945534486658544
0.5005330156729623
0.07067944275132432
0.36648200671993814
0.5305897817343386
0.16275114079510827
0.31398254347359056
0.5095052128420097
0.22050466294841883
0.46749735767646095
0.6108290605885398
0.05063809790041411
0.4054961703359684
0.5726183127716123
0.15702074861394383
0.40970315378874944
0.5165200943370524
0.2667874495375424
0.46304756030901606
0.6669450576779063
0.1455863079352377
0.46365969797923234
0.535421045505383
0.18026492660927412
0.4702806866047829
0.6007871798079067
0.19671698341647206
0.4333099109823719
0.58288832676566
0.17985518997211503
0.5369418641002874
0.6577276976125822
0.3246379519376901
0.39589478280566953
0.6027651502387973
0.23365797822734713
0.44394252328832484
0.5126193809130668
0.21097951614435456
0.4159703245589031
0.47425344028117344
0.27472029820929494
0.4264923426635078
0.5230976445390678
0.08806282986621719
0.3325762666176315
0.4070764683436584
0.10676634951192175
0.3837110018922997
0.37701595103341556
0.14783504965268818
0.2592360335808925
0.5362483966496467
0.20091040066046628
0.3725039573544308
0.5087214265972402
0.13675641655471785
0.35301324397608724
0.5214258334748423
0.09410297808160928
0.38293205434003497
0.5136989549823995
0.13226065915955776
0.4440689261936219
0.618281646052103
0.17371035855892236
0.3468853969548701
0.7156505372184867
0.20389221475814978
0.32917727792160684
0.6820487793185663
0.13112589469492475
0.1956134655081125
0.5066589069079251
0.21799659113607678
0.266500688801276
0.614645586236438
0.20266445203304373
0.2919919575775305
0.6079872602642423
0.15300426070110798
0.32720203438115547
0.6940565568248867
0.035156077062811555
0.37906312484310317
0.5949024063271664
0.02695952709992488
0.46445915624518286
0.6311893552196537
-0.0006641307780990008
0.3761617718520013
0.5929270016029513
0.05087518915716854
0.3914416818801766
0.60734661432017
0.008352240591407784
0.3929435755360607
0.6044266817684182
0.0513878145725082
0.44560097547286204
0.6021187401526272
0.09116952375634504
0.24334431537213375
0.5412330960158651
0.11548820661789769
0.3821101674481059
0.5143406667077899
0.21970757121161594
0.2822972912775461
0.5443724984426934
0.1446658844293196
0.3667243982363685
0.6375718244926992
0.15364034384314357
0.5466744160438463
0.7510972758907901
0.25812489037842457
0.6267136047559694
0.7594608817038084
0.12927180634839663
0.506122081912983
0.7039156350304099
0.125604040054416
0.5297909847682964
0.6702321119672072
0.0635567927095897
0.600999454622771
0.7058778038693045
0.06674261525325698
0.5121534738429878
0.6275890890587755
-0.05458447111872944
0.414044366433431
0.5378321909850067
0.06994252729246932
0.5054739096160724
0.5303663064778281
0.023279566495999108
0.4043246101649878
0.5194445951784661
0.11139268180714332
0.495470885700465
0.5853865171689782
0.11994902452390768
0.4689924782222099
0.4887364075471962
0.19396067913024878
0.5180522980945028
0.6553466446575824
0.17147912554364403
0.3715588052526984
0.6530979164771846
0.31396219584723206
0.5318319465414496
0.6549311221304841
0.19266638076683068
0.45306075830143755
0.6135594004631477
0.3550736923229742
0.5953089114913725
0.7297151879936298
0.2972940711406781
0.6759142849245383
0.7654166598649914
0.23045437602343635
0.7047445621177892
0.7400751429419539
0.056798143596562656
0.0523492059178282
0.5603844371267539
0.020080652035349346
0.08831999496362171
0.33461475482642644
-0.032219114547874295
0.08593231039302189
0.4243927197911738
-0.04968500546740113
0.0369167039241744
0.29649353405674544
0.40354075409905765
0.5685185435891812
0.5864346702822465
-0.0612255809267739
0.3168265000161436
0.5537757491460307
-0.02806705567773274
0.20701825348256814
0.41719779754528147
0.007693622454680922
0.11093020726979502
0.5653167577579483
-0.06407692466852641
0.3556806088579246
0.6408564500077579
-0.10826944758979613
0.3183119888551018
0.494187184032289
0.00932598825142001
0.4169948915592733
0.6097548132739209
-0.0433261047345929
0.3647690817240979
0.7678196137578392
-0.0543300036184199
0.3644494870204122
0.3584411213193497
-0.058197502759917925
0.6185737096966213
0.7011416801802753
0.12907734729179993
0.5337573101556647
0.6918949500790468
0.1287498505081661
0.5247884630522228
0.667378434391384
0.08801397946587763
0.42437604668451845
0.7161931033668301
0.040480850108713926
0.6028180405035753
0.6716747974571725
0.04514929178543056
0.48951679744898846
0.7177082437504143
-0.0379300901985663
0.5892542992872846
0.6709371470022594
-0.06464027077825832
0.48844214170438427
0.6274728096810802
-0.18918868792479593
0.3507945843151864
0.5626019202071131
-0.07058349667449987
0.2647323060849117
0.2740083600393042
0.07718720506125104
0.3949255516844877
0.4539663248058431
0.00013502024985580056
0.6814836645639999
0.4938303418866722
0.10929363824337367
0.6175327678127621
0.3947954135555192
0.17155741566351318
0.5781065240295604
0.7045643828384291
0.32845317367348403
0.6650361305920907
0.7534354407661529
0.545847900780053
0.6035415770706114
0.7840065901326807
0.29560997499934377
0.20273531063034844
0.681810887293232
0.2626906920998494
0.19609263724090115
0.6554812828534661
0.29468469287884247
0.34733581369044253
0.489101760000733
0.6745852496992755
0.25127565526701323
0.6565458877262571
0.5995594533927773
0.11388880563280043
0.5160645586516379
0.4120470021175111
0.09587314511314333
0.412016547768841
0.04448610398540903
-0.055345096069665624
0.43064213874314894
0.11116386349465607
-0.13429407532484688
0.38168782436901744
-0.11442464714657066
-0.16897248741778004
0.34694271606099364
-0.08388784537745841
0.08243530827433501
0.3643167079318107
0.1095915333427971
0.08998158355723845
0.4761871175165997
-0.03423998787139025
0.16730483061141288
0.4828225165354706
0.07052181319868198
0.16185262083181676
0.5429031733464753
-0.011157398432429846
0.20627212046861204
0.5440756410500583
-0.012503436516462138
0.024462454765775785
0.469283088649187
-0.016855262090190087
0.1212030853410104
0.48490012236365176
-0.00309035220820017
0.09765202682534546
0.571386669037123
-0.10785613736305162
0.09139409563740399
0.5221422371197422
-0.0097963599441683
0.02701006402370623
0.42981215726117405
-0.0945712418126103
-0.021902955617990463
0.4176456854521694
0.0003757997119944519
-0.04066490894986559
0.43995516426978565
0.15763285714035213
0.02124415181045547
0.30693285074078924
0.0047178231284588125
-0.11943429246854222
0.2924008561872709
0.039762299930601985
-0.11312983353408203
0.2859752476340145
0.24635859648704828
0.20612336583605204
0.5167447851771222
-0.07299959958564543
-0.029123489568153672
0.46150564411253003
0.06641557460056413
-0.02927191877823798
0.49591123102168866
-0.014211356401075455
0.2250750200500834
0.014852847424419807
0.06543373217619608
0.1186841629815639
0.2924867623026344
0.12173408850774241
0.09520225377915247
0.26357921116818633
-0.20338376735192892
-0.22183444548202294
0.1575948717938415
-0.10063207097979805
-0.14885703081625357
0.11086168373392172
-0.07118695039805728
0.006074154892081199
0.22824444610111894
0.11812806440402263
0.0019079510493074311
0.4791772995024889
0.12940647320924417
0.03435930992337484
0.30282889542739727
0.003454570363684387
0.10803647375610423
0.076954613179661
0.2638192047271336
0.2510221646546327
0.30507643776103843
-0.08518496662794216
0.16422886688462707
0.501905939661625
-0.1597292236706201
0.3182787804031007
0.2778174824181903
0.4824330268874491
0.20498795337918224
0.24845251894909343
0.5381347115257309
0.0731595042896544
0.21489244412601563
0.4750287390368506
0.3187462614140868
0.26614556951200874
0.06223417562778106
0.19720357164462238
0.411008036201557
0.19024708770452692
0.15397455792358325
0.3581567504291775
-0.035169549805026984
0.049370541464319434
0.2568777118835102
0.0968265833662062
0.11389429008661013
0.514746586122998
0.17133359096311881
0.3477550544675641
0.5298468064848025
-0.05492776207059988
0.1233470985404905
0.48625070581456664
0.07786173174670626
0.13625617923223513
0.40220488122332
0.2523308758788082
0.4960803130062626
0.518393819758727
0.0835568499830886
0.393032996889525
0.450712828536221
0.2580141653234608
0.46925052248753585
0.6265204905229933
0.18391588779161339
0.3403647120733726
0.6586033909749844
0.0560604203573144
0.3652183353441262
0.49713057976092584
0.041355629314280745
0.30123274921786103
0.45383436944195377
0.14231963955022667
0.44283373784158275
0.5164381576792982
0.12152313280668835
0.2720475743762933
0.6222685383998743
0.08844080347497141
0.2844439096023616
0.4919789268579271
0.12970986423701128
0.4066537010452572
0.5122669505163471
0.16122941535494467
0.38186814366843136
0.5349513421365217
-0.04077449209548177
0.32858959005815164
0.3686137107267687
0.08651351608674196
0.27808354244805683
0.5416881138777515
0.17641419446419898
0.3924750743458299
0.5053312888932332
0.21695645252012902
0.28873729479167753
0.449295992872802
-0.04209635497582397
0.24603692409105676
0.43986596165865427
0.036958131049967494
0.30995069151088506
0.5224826029928189
0.11244312887402942
0.39274141698041587
0.6499066479688944
0.049243682264748234
0.2813989930919809
0.47856160412895643
0.03511669193077212
0.3820231766840121
0.5881964328956298
0.0010729709251277794
0.1866365117226872
0.446142271754597
0.06620672281294845
0.4711281592492548
0.49937619845241693
0.03347221831241973
0.34641984797363257
0.37225621014461063
0.030332200931619584
0.5198551472582315
0.47063128261108883
0.18110866113156435
0.39487699311635416
0.6264405279436056
0.18661551035390367
0.45887046525543773
0.5502513504014652
0.1558523198850167
0.10704009401129652
0.4200639244030959
-0.05335436711895009
0.1819073657767804
0.38178036167738083
0.025702349527834373
0.21192507594694926
0.4794308125076665
0.027392592739539895
0.17344521230397061
0.43581112190185056
0.09169567426149736
0.21244540318083333
0.4003594510645616
0.1397840972471242
0.15029976930928737
0.4604203117630027
0.17827980004311333
0.2672160610837281
0.48270851285709204
0.0784465575489671
0.16345236524390516
0.23739683447439336
0.030384481970228448
0.24602149361259049
0.5086085636535684
0.10450569177172203
0.24551801430612197
0.5250154696719993
0.0222460175651583
0.1807186463174336
0.48327456438312844
0.07272106252141748
0.2791499745735436
0.8314315630956821
0.14581806033848294
0.32732956080236597
0.6330157885369454
0.11752537504772126
0.3948276171863607
0.7630327980389536
0.12094611328853827
0.4436462451952488
0.7591172664190945
0.2634607083577135
0.39106646362319364
0.7032107619103165
0.16883757270232208
0.44513627183162696
0.6173088734376626
0.11572396579898427
0.4988529670128464
0.7316196720830626
0.13468275619687053
0.4161984025355564
0.7515239732262027
-0.0090253534697943
0.1986463034900424
0.6510577605272732
0.04334705743654696
0.27972281919082315
0.5343262540075194
0.019388193943707825
0.23376353286448937
0.5647290353894715
0.08999250644412198
0.31505236357954874
0.5977585809316546
-0.017197862859667443
0.3150496039831068
0.5162923025737113
0.034782963352799234
0.33847093422596397
0.6205914161533028
0.011473056588330172
0.34157247061923895
0.6309626669804922
-0.02514021980043567
0.17945718489659862
0.5627433625135724
-0.10568400859074129
0.1974009863099512
0.43795080838422507
-0.03815522284243189
0.293892033478253
0.4331871297856567
0.023911952451883326
0.34742903448482665
0.7898404991885215
0.0794416385281671
0.32286024846562456
0.7203231061476545
0.016454448390719252
0.2384034856385333
0.5611304698805004
0.030445932896241756
0.2788550580653103
0.6679496281980042
-0.014060735004164283
0.24845335410291364
0.631914755663274
-0.016179316927741695
0.23646004350237898
0.6872490862712919
0.010938628988374463
0.1654580307239662
0.6378973617567163
-0.04149742353058623
0.20896361056135276
0.6314134266962581
0.005185705665219836
0.15097143238183963
0.3643864252794437
0.12806344384006918
0.11436632168345232
0.38753891647160454
0.2638730728051814
0.15387118985973658
0.5662427755391176
-0.0114062935676306
0.021910492057910617
0.3712797053612375
0.0613309081356016
-0.005527279637163679
0.569673029118923
-0.04699622495994093
0.005361045207479091
0.33458738850587255
-0.04196134581282837
0.025262870155141098
0.34753855983361237
0.014429610524345111
0.13130317255967297
0.6867010124704671
0.22598565785504404
0.003657002685166763
0.08913287009482934
0.07229022656096082
0.2261550872887224
0.2666068711119854
0.0977457708437258
0.19935013383048655
0.22454535466179776
0.44300941371666014
0.28239172039358956
0.3467483395660788
0.17881116233306138
0.34813810683332813
0.23873635058116216
0.09682359263096407
0.06853080458240475
0.2703733622760611
0.27096428557455243
0.10084870160061783
0.28581614023292223
0.18458808677915933
0.1627404075491916
0.12957080950112865
0.2033915701336403
0.1596296226484776
0.25582475925485104
0.2688185496923837
0.2843661110789617
0.3660500661856144
0.4554416825941341
0.47223384141776426
0.536003690459448
0.2509950295694933
0.28076720795030735
0.3112313237099446
0.2808423037110518
0.3256370263714112
0.2628623102556113
0.3025354045519282
0.2809606959491814
0.3023648834007629
0.12378455858547997
0.2807592019706309
0.25127186398692847
0.09760806113672708
0.36266243595559633
0.25363239924910297
0.09150964503990887
0.2880476375575327
0.21629827469975726
0.2940450046629743
0.5555503143529578
0.45628277311772114
0.24237470801864863
0.4696230189033611
0.44215386919214994
0.13909606549535058
0.45002268295822523
0.2115464786235856
0.14459771054909723
0.10534604869329153
0.08264613122445467
0.2598139469993973
0.3139367257676595
0.15412896575040064
0.015163175058962253
0.3531600498353574
0.05244525777744424
-0.0069738807455727025
0.17758157878189743
0.15359423273980183
0.14521098596188436
0.3871470206036225
0.3768095935231347
0.09114142353187071
0.36796463712138366
0.2941483978269113
0.123461092875703
0.4734569802076032
0.3962340660644375
-0.059941834116489026
0.3791383531778111
0.04030145378389894
0.00321082165656616
0.21659513970019295
0.26117905470497577
0.33586295250850773
0.2791190679922087
0.2484576655075145
0.15152593901575828
0.11556788010160593
0.28966510350807984
0.2591504341572918
0.08757461853166978
0.3351292338041727
0.37969047120649896
0.3336731792136005
0.488739795086755
0.3352651270747975
0.4626676077585123
0.5117986638244554
0.3379784975771888
0.4656759894601561
0.5310778486539911
0.4088177542858885
0.5289983884966807
0.5385542768936746
0.4410393968352423
0.5227806144668298
0.5609987990603736
0.3350552869197272
0.4206317326696518
0.5115598088363472
0.35653123115492236
0.3810243889417106
0.5959820744045254
0.3024503768558929
0.5283197700219444
0.5121840585846924
0.2595943170069213
0.5516905920311794
0.6840266561558253
0.2566645754904226
0.6165910303718954
0.4910020038131495
0.3576916643666379
0.5442366991647282
0.5739851867486649
0.27850721211338314
0.3926812323254776
0.5554150666877199
0.27193610075545843
0.27961020043882956
0.4629471165538709
0.4320513521173141
0.47314979590298833
0.6071615695160517
0.41867348779554797
0.45913154417334895
0.6561746524076926
0.38256494204227753
0.45109498652921864
0.6546370661094865
0.21063080734587425
0.2904115965389749
0.48175034052305854
0.2770631784776003
0.3688814441343045
0.5202612544312414
0.19117710757037987
0.5243745913336959
0.6428649871100816
0.21406781766389177
0.397712369504384
0.4933148518919207
0.418196398665434
0.5018360363305006
0.6355389533486958
0.31021678842702366
0.4910425411552406
0.6047034019076807
0.3134343563456939
0.5297800723845116
0.5545341471214396
0.2920681181693159
0.47749390251686313
0.5818967132927279
0.3136230417685511
0.4876467375280081
0.6216008893244389
0.369577789029196
0.49885106412662317
0.6842759606152806
0.2621367706393375
0.44615700041494327
0.6774342439145835
0.06489934198228063
0.3319256090921498
0.525030300789625
0.17449839819169347
0.30079606974611006
0.5141232353705828
0.3118112428289465
0.16381975448154373
0.26573718787131345
-0.03307874660998933
0.24022628020487938
0.17244931878135522
0.14377540248320209
0.39876482395322654
0.30817475584162246
0.09191230756826918
0.31740304856064105
0.21802530263623837
-0.07058960827391107
0.25445850337352516
0.2218749569316375
-0.06143090473409693
0.07529698215607876
0.17383798655640315
0.11793351838775476
0.1436575414412261
0.3248077640884913
0.2800750550005804
0.41081276433181246
0.3621372402866997
0.3151838455221859
0.47445288521278683
0.4307030868725587
0.3014308453413162
0.3728299971232405
0.3558011801862323
0.2710153675258797
0.5294797803738571
0.3759674458034496
0.02623735729616573
0.3357228363429519
0.3630411812885005
0.1567680893914162
0.493210459932638
0.5287954026105413
0.19072593378516967
0.5627295579357573
0.48782839626961283
0.1286850221523108
0.3310212993238169
0.3016155060004729
0.23379685875401005
0.4745145048884808
0.41819020734282186
0.2175892127216078
0.48241622236972553
0.5556425235917837
0.07515989871171505
0.5524454896090152
0.4936872062229899
0.1969096714603356
0.5094419798296317
0.6065379165865001
0.2459175278657294
0.6344329368090791
0.7063578962000736
0.15165159073808152
0.10967940762638353
0.39830925975070736
0.1967597689944451
0.2592656312317323
0.4038837359813746
0.25802369385954244
0.40127077262339034
0.49343481202063094
0.30234268538887477
0.4716100921964621
0.398778650188753
0.28169385049703827
0.4929787483954082
0.4554752211551194
0.2616369052264467
0.2780717366417162
0.6113687315661228
0.2253016477030364
0.16092892223230934
0.34850909963716664
0.14714848783045822
0.3102524291258951
0.4162604639556726
0.39323297288046305
0.5218170581252692
0.34226005593879205
0.06485286085472376
0.21160714668642458
0.26160303479161484
0.10821477744391045
0.4096940607595976
0.21287015872102527
0.052595147447201104
0.32570000547076633
0.5120142421335503
0.36413202397646816
0.5471656350197893
0.6320661798645821
0.2677249460813688
0.5894348487726926
0.5660401477492569
0.4404285120023778
0.4863883709128132
0.5288857861126627
0.35447702930944286
0.4897524653187056
0.5083797712785304
0.24782293983063802
0.5503890531333595
0.4297532740597422
0.46705903935752807
0.7200536476405593
0.6131465978223222
0.23966937362411922
0.5883417395394399
0.29074013942502447
0.15849735877241627
0.6374408615729918
0.37859959239779684
0.37964019500363655
0.735716724192118
0.5515561145659645
0.16816461364145632
0.5156078427899681
0.30167647640171236
0.2586579278634525
0.6156437954789846
0.358405788297674
0.21760370012387262
0.6142407921706202
0.38342607343486934
0.24490575033169384
0.2725191943068755
0.545457634628664
0.4254714528863064
0.4422253116783983
0.5468392731734383
0.372190748475121
0.5587140569826836
0.4016758629118501
0.11883509994380198
0.5004098604014809
0.47387356318798907
0.2042108354858364
0.3896011707753988
0.44440045951218515
0.36873687990424264
0.34450024181765493
0.40204366876857944
0.40748246440335445
0.1927040383138938
0.3722699207861494
0.3233508764584292
0.3346002361036208
0.28236285239997627
0.2318094349789246
0.18125064963828408
0.12411040371927815
0.1477502227469677
-0.036641574941728705
-0.11927784609097289
0.15918903168017132
0.206143005888773
0.060887410678849854
0.49439319514975133
0.20029222988382614
0.11067441431001819
0.48883221400466276
0.12305867239821201
-0.006304791138245239
0.20653269846138442
0.009510473693956328
0.047089250141328094
-0.017200370379791115
0.23219090810134355
0.18792829007152692
0.17149580134343342
0.12119593636257277
-0.06594222019985425
0.012325355320735268
0.23873610675030366
-0.14095904846725743
0.3209796339562667
0.18455140843356715
0.033031428388529294
0.3707028519125045
0.262870998082533
0.10298061323510636
0.44903752543703
0.13835682061231827
0.22545169700890602
0.3512736800331432
0.16288739112641715
0.23980235548064555
0.28824475269211247
0.1725492755953732
0.10583765357460098
0.412558455732011
0.266216181697196
0.15610779955026843
0.4377875250915544
0.3415791367262151
0.20154866777293332
0.8006341115747311
0.5475682464482156
0.6731981441474296
0.6835438032062854
0.40403371593721227
0.6831133246072372
0.504820772462801
0.45977382178763915
0.5073186041742027
0.4350291840347971
0.45615674787019045
0.46094835505378273
0.5658187668639371
0.5255180118844571
0.48995690363179933
0.8138092459384807
0.6071798917488808
0.5252990393182256
0.47396968938246237
0.3948446368491899
0.5079981228684574
0.5897048021826979
0.4063916249461482
0.5398775954569833
0.47610327546292885
0.3534762763739788
0.4633720565973857
0.5788860254461491
0.40772354196403715
0.5455977573193154
0.6445159092449652
0.6019808087438812
0.6428053909794096
0.5121280905338773
0.5363446902695063
0.5615240353455014
0.39631166891511765
0.31762000058843554
0.19772457666419485
0.5482620726191973
0.27013362868254837
0.38537176194733763
0.4074882289286725
0.20407522268188505
0.4335465550095833
0.46264635393725856
0.191675856992278
0.35480027797533287
0.1253184374625835
-0.04243946393335207
-0.03154611444322276
0.33204803625672946
0.23004710740202305
0.17356151465011344
0.47166291722648096
0.0033297970519842457
-0.0342614405673156
0.2527781736158948
-0.028416808910207217
-0.26139452810912156
-0.011499541540769764
0.08511749448725418
-0.01565531406393175
0.029234577092141566
0.02840525102790687
-0.03980649512963069
0.16637623298171883
0.08207282420723155
-0.03365701964246108
0.26265388760014646
0.2548550071199008
0.13872178910923902
0.18158937531683092
0.2095260993400988
0.0066277826233111185
0.20641577735720207
0.16921055716450578
0.14954883255362914
0.5109729655007968
0.37039521953685234
0.1870694689573449
-0.00643445884396895
0.18648825753810594
-0.01915827198288935
0.023785150506612097
0.19703242307442334
-0.07936114000874331
0.0292214383191597
0.1932733552180288
-0.06787895329120308
0.050015729297789746
0.11171882149094513
-0.04130936391639264
0.06274474055267845
-0.01801759518365654
-0.06088537360174781
0.11385804289961485
0.16843448017464052
0.017216119964197533
0.13441199422232605
0.1363036870947397
-0.05760178407311002
-0.07317250082565363
0.1460685466999073
-0.1366704472512957
-0.03336282886354187
0.1189306387108574
-0.1821286304014031
0.0654440453563698
0.24242585890878293
-0.12013418673484436
0.08010926738628024
0.199666934101365
-0.005831885779351227
0.06780174913200429
0.14665178809324314
-0.020067413399852532
0.044700369677258045
0.17099177287903827
-0.087242426838544
0.04834477837282277
0.10803445678084433
-0.11362946072529578
0.6414300808281023
0.2669173970203088
0.037573093590517345
0.7790535360134252
0.5330297263586364
0.22906701456154027
0.6366080275059393
0.4318127979848879
0.23886866945139804
0.6425175482344213
0.38932442421363733
0.22317103281105188
0.5297849846990441
0.3537969130796611
0.1744708574173034
0.637402751652694
0.38600242554162645
0.15737115256711728
-0.003145237756231444
0.2180320342842475
-0.007756804135010808
0.6278057351699944
0.42726981246381457
0.137657845662289
0.5356731531048498
0.41862683388645244
0.23461033538905804
0.4788362803540283
0.2632559999149072
0.3084458363197506
0.5351716565328767
0.6342301359381939
0.2887458909470634
0.3768022626642973
0.4471239667567141
0.30801471898553306
0.4792774777830528
0.2796783224823132
0.3527536799615745
0.6179758686340204
0.24550328250012265
0.2186487430181859
0.5880844993529273
0.16710240508013813
0.10243008986712329
0.4525700767064761
-0.03964635513905236
-0.02258390003833468
0.5015059422448104
0.2613513007935115
-0.0317993121374065
0.6622081779356277
0.35139372949195397
0.11663861848403728
0.46073869897805053
0.12828082906559912
0.1241353261112669
0.22922319780865452
0.11077890863651849
0.04944698022315859
0.25529515234118894
0.1052392678317324
0.025336809068906792
0.5621768266968241
0.13911403314761467
0.24279032599700467
0.4669445336206091
0.21598455282989382
0.26905226949291755
0.4006467047670389
0.1838073951005908
0.14589078740981248
0.35480226907372076
0.15727456909834867
0.1928518943807345
0.05800821778305312
-0.055875564885455184
0.019840502045909092
0.020917665508648133
-0.1561417590988676
-0.07145876103481377
0.19533423354405874
0.1504440705574814
0.03420659356746846
0.13026975230375742
-0.0844667117602646
-0.056707352017649024
-0.041460104476244555
0.11436688190874243
-0.05309634270482004
0.03053847675744772
0.09602238204921967
-0.1631898101462984
0.03964920520827226
0.08209121710092587
-0.12094760542406252
0.10215934058216729
-0.055525415674919365
-0.0020242555013802906
0.2555878252425652
0.01242906710354141
0.08077480659124131
0.3473898933526101
0.035830232476658695
0.03763136159108156
0.21781847112125363
-0.027930804883692838
-0.06422834976204381
0.23596318018668463
0.028310262681853025
-0.06652075057670057
0.5005074136718233
0.12331691824476382
0.19525897754547547
0.4381198500449579
0.10619830153320031
0.14369140365344849
0.41217678033372884
0.09373887645940553
0.09767003118155976
0.14929602342386797
0.16968003013415245
-0.15306416231466877
0.06010869447098746
-0.09966553142160918
-0.1010506500713862
0.6564996048054268
-0.12337923117879301
0.12055603997487961
0.2721390938997609
-0.11145546131041471
0.15510128072120746
0.16958592906940428
-0.16327277696972303
0.15734035489377557
0.3183405687804524
-0.08849328506211906
-0.023621032302227316
0.21965140743770212
0.05457384403257091
0.18958056991567296
0.11692975562641383
-0.05146936687003534
0.07832715518227266
0.007237080821689959
-0.03434244833089534
0.02498539197155055
0.17524653938786583
0.09694420506740464
0.08893766607907719
-0.0902601031182127
0.15617609963552678
-0.08149103950138621
0.05662311374898884
0.026758362583601036
-0.06151156697598327
0.11690216257868132
-0.04419531324130151
-0.06298709759070825
0.04940816254097534
-0.03214149330374464
0.0071865843636425425
0.15319521231463415
-0.012028360069488816
0.09437909193764854
0.38617816905538893
0.33772372953414287
0.08634083779851374
0.3903106984643281
0.016958695659517242
0.03607331026434099
0.30603201635859334
0.12172621196077636
-0.022996792468576797
0.288189508223326
0.17465907421454355
0.04597985307351408
0.4639237859352612
0.283314901376861
-0.08543146449739578
0.33924470392149764
-0.03685887353339626
-0.17722210805064342
0.6543822585048094
0.14614574891805227
0.09700876625087701
0.7735079864736825
0.32666347639486115
0.18198409360188478
0.696168127125258
0.2586856466994647
0.08971422950393279
0.4313653808034703
0.07903979557667967
0.012724417600221352
0.5220582905678128
0.16665859094093138
0.08325223935250259
0.5141706776469603
0.026072727615458043
0.02566845868250312
0.3255064023072082
0.025873056871957158
-0.04648399590452969
0.36149141258632067
-0.05024996244364966
-0.12461683650626433
0.5107262526258294
0.07143017930778435
0.04242152562296774
0.5942270502368483
0.36489308880244475
0.2839566130832958
0.6513137605045553
0.32036420701570756
0.2564375703451503
0.6305718604873598
0.5015372357691457
0.30335130727950915
0.6089710732641405
0.42307377699305826
0.3542313952532313
0.4295624657467148
0.3041686812400749
-0.08694941636162845
0.40001104673446575
0.3536800379180235
-0.18726509148612183
0.6705568398669348
0.44832099845474516
0.18954797214655258
0.5108913903071364
0.33324256394017704
0.028066983642499693
0.33281096915903186
0.2221091122026647
0.018878080533088645
0.8046904188933579
0.44094864341202183
0.2903013479290418
0.7443671665777226
0.28915779323757396
0.2124952963759692
0.6286357800205704
0.3864724649876574
0.27116371349287005
0.6171631273025353
0.46186910553373844
0.22592929907420922
0.7125770571203199
0.45213573096988224
0.32384044146060126
0.7375280868252142
0.6255342044194228
0.3836651794176098
0.5642281151019302
0.109367704722652
-0.021567436463138703
0.421069415051737
0.14197969429790538
0.06656348005282448
0.5333039986552606
0.1987800246799864
0.17762114981102656
0.6481321519534379
0.22270298067071279
0.21299064500762466
0.6842004618090376
0.2552605407628419
0.16126549754759545
0.630360614619162
0.17047097192058303
0.08256352934559288
0.46856082076194344
0.017153382260247575
0.16540489184683743
0.5141285459644737
0.24867686007369894
0.1812868900527575
0.600124912778967
0.13094883709535635
0.1681095042911817
-0.10721758081727044
0.2487387795589322
-0.03190376471098266
0.07605231033523983
-0.0230705848169164
0.008690311148066891
0.8221800618294353
0.10252215338005011
0.219163565708776
0.653265990684718
-0.04241479009418084
0.08370727189883359
0.686206750978478
0.08216177518563963
0.1826940027026366
0.615370268785599
0.07503570077194116
0.04419814217254174
0.5646978812454353
-0.04750116394249363
0.08993895550729634
0.35488404645856053
0.010836635866987972
0.12119975664050556
0.3409906639908829
-0.1564043460481738
-0.12481455338062164
0.5563975670269856
0.06504096334878902
0.0333121566444963
0.2837342690104682
0.19181879342483182
0.015543905775116764
0.3669630636866872
0.05228597508330053
-0.01823792284803937
0.2894995118430348
-0.0390589074742934
-0.1872700175543081
0.7281434749892401
0.23868212755700668
0.09229614385040871
0.3774766813544913
0.10570262111170461
-0.04972453652791528
0.6044297037462659
0.1776726929544147
-0.011841497112442928
0.6081846956862633
0.14159211126555593
-0.03166482899716912
0.5716991357854614
0.2811424946953334
0.03154878484174493
0.4438368660684785
0.1791197992735352
0.014944264647440995
0.6157324450752193
0.2700545338251178
0.17321165534435676
0.43675260624411305
0.09174922709019692
-0.06484382226026465
0.4231186057339327
0.21713304976657463
0.07193469004062367
0.39932562969069546
0.09544015525811309
0.004812124087531726
0.24666997188092676
0.09390546487147652
-0.04356306735504
0.17506870009621825
-0.1732211035727549
-0.2386418774106074
0.5219033138115334
0.032265311982024245
0.024475803924073336
0.5327592927827309
-0.025235031423730486
-0.0693388656211574
0.451561840755663
-0.09827496061728448
-0.05728203117275384
0.4382980267907478
0.058034390097896904
-0.07377595414558351
0.30037424470529084
0.08395138614558338
0.0717080935745521
0.3611662614323258
0.09415000025349468
0.022774076427976075
0.3527990878565467
-0.05144956884438728
-0.16436602124114183
0.19553996452253627
-0.16445443409736538
-0.16285625891451835
0.35802754000862
-0.05654057295867844
-0.2026244238388013
0.29892407602809445
0.17277794096872612
-0.048140340216347194
0.6806005851498915
0.2257769400599478
0.20400662571969042
0.6557893029060786
0.27284446406207763
0.2518212773759805
0.6359575957627945
0.12492144779525083
0.03285149492303896
0.5936297867124958
0.20163947204770716
0.08353295736044403
0.6421980737129225
0.07805946329316654
0.08408668819143361
0.7118734722605662
0.1613949549567686
0.12709972935711494
0.763064840181249
0.3194853877479936
0.14879280275188142
0.5967545448426549
0.04454074873715841
-0.01888166714946075
0.3666365394886592
-0.1140614650215773
0.014941127721025502
0.46111226978324416
0.014536132616847445
-0.020552633633131954
0.4930271093862161
0.03789681784866959
-0.017646290289203163
0.44521344995579104
0.026630200874910224
0.008334818012090484
0.433005623968537
0.013215364747658902
-0.021732828414960343
0.4999215509589944
-0.007540831908561283
0.031065946162703674
0.54495613145309
0.04355316491993355
0.04434725580114482
0.45267062978111405
0.09391835363390358
0.09281373225678435
0.45478507521613454
0.01501089909030056
0.05990174441530912
0.5744443395493701
0.09029519415851625
0.15974241740538853
0.3343280215090982
-0.058403794596335774
-0.021949576227860534
0.48657481743347963
0.14986796186381512
0.049776602012546176
0.3141073178386563
0.06618486413675866
-0.07619596083733789
0.7308892010908008
0.20545387229391035
0.18967722355083422
0.7883087767811293
0.3037524074395802
0.4018398750682646
0.8229108086161265
0.3234763798223398
0.2737889288246165
0.7973343935282169
0.3882238887717585
0.36559228944673394
0.8909644454142116
0.3732244128218317
0.4042102936966252
0.7496271210711052
0.5410356768792204
0.4678440700499923
0.7348026682462484
0.3776749958089214
0.3723440419070555
0.8348517860242448
0.477671391523215
0.49821674068298605
0.860492074131771
0.31585683402628095
0.22531787829150873
0.9183311256798743
0.25805370538727
0.3244996856562107
0.7002759072108552
0.18016234307044965
0.1235614750599135
0.8375962947800055
0.29419302455708873
0.22057467350582077
0.6708091350719503
0.3213693525447412
0.30398196793920185
0.5776845397440619
0.24764766422328632
0.24966654014076517
0.7244291627851865
0.3326910584346633
0.2872793841370679
0.7341122009374359
0.5238795214734433
0.28406429541380374
0.8566124531174575
0.5636346991706852
0.4158496258017562
0.30896221296438725
0.024984712790319306
0.012023473651490908
0.3802507777331654
0.1779734658242486
0.09720678563442635
0.5546390113756573
0.29501529533213705
0.2324562859032489
0.38416113167936533
0.15346567088154087
0.15374558454966214
0.523819908476343
0.2230920710647405
0.19677566764243015
0.4420568932472604
0.282429757609615
0.16336481558359195
0.3876828811453812
0.2226835818476256
0.11932324111941756
0.7834566622409038
0.3555438197607036
0.40072739170345895
0.6194924817260067
0.19003850684449347
0.19242073276701321
0.6967424633876557
0.13052711765074101
0.03858559969098645
0.8090158642419675
0.18150914982116625
0.09525537076524515
0.7590082698487086
0.09752486794239076
-0.06997503445183452
0.38221584682867465
-0.28146359219608713
-0.3768327217046019
0.4987555187557276
-0.1752212633510063
-0.20949254568405176
0.6238403675396408
-0.1914426622513239
-0.1713016379334275
0.7436749608873112
0.2729404364191713
0.05493560012227281
0.6470587511586335
0.27085924570280157
0.0017789835729380733
0.2576608431988948
0.4152276614086843
0.004673753471653878
0.5843695826038844
0.30088985087324677
0.1877123483867566
0.6160490532784704
0.5954176402814115
0.3930066920660089
0.08928861934093482
0.5287229707362051
0.18683417908463723
0.47521586865944054
0.8089290016881762
0.5004951038209207
0.36783035510841156
0.5551630983805642
0.3106623113497558
0.4482490101271672
0.08666717284886323
0.3683355001958392
0.5432754223305196
0.27048895815469254
0.3732400874137342
0.5794391179531848
0.24227999822597768
0.293081124277245
0.5477759060771485
0.38158253134751596
0.3445769234468842
0.7511714457448038
0.4318042251328268
0.43672415774684614
0.7769121802401416
0.37432523774989257
0.5101519073781275
0.6437275442886929
0.22029135277825884
0.19690450961782915
0.8222368510741962
0.15595560774846118
0.25220108177413075
0.278646745464736
-0.05602259061175719
0.16253409040084899
0.5035025803534594
0.10312151562782265
0.24333157717309434
0.19194565861696083
-0.03664196772745277
0.3585549951258833
0.5061403717630139
0.12517706842932363
0.32003003649837414
0.3342182671056294
-0.06949636041268685
0.1484717223396909
0.42390683076282354
0.36718358652085914
0.324758595811233
0.4054381919648472
0.0857856429692167
0.454743969710134
0.23917752537979886
0.2847764182983804
0.29892073705349453
0.495602748229637
0.6729457374735969
0.23487513908063454
0.6392130855282525
0.5962747615730061
0.2781753297021802
0.6748052533342053
0.36726087592794143
-0.01395959905262914
0.4047599092955877
0.0958516525066555
0.2713319593854385
0.24868749540622656
0.21543671352996532
0.15772960288865778
0.3696901078685624
0.1684008447437687
0.12049022666616208
0.4873756392009462
0.11314554573414679
0.28149074890325754
0.521401004079104
0.24744448487131582
0.19205841135696838
0.27391640689677466
0.13408622440475215
0.26262497280765124
0.8199230214729789
0.2585118079540847
0.36140546877000457
0.6902303437873686
0.2891313973750863
0.4202748561185635
0.6456438406492537
0.17335415382079727
0.40770941572743324
0.6146426374166312
0.40615993811286855
0.25290163877061583
0.6118810083804336
0.45309251828978425
0.5063365113741459
0.6177192548242497
0.5266642861202198
0.5541895576181715
0.4525912069668289
0.07505176523115088
0.3332615373703332
0.45787588136038937
0.05894196264221301
0.23476702555970855
0.764783065232687
0.2879941218444436
0.3919092033705077
0.783517709489497
0.3611672920808605
0.4252099175338274
0.5891975059258381
0.602945729615895
0.35244954382593024
0.26213492157450957
0.5704324098842077
0.21858367379677518
-0.07754524619410498
0.40490476755254856
-0.08322345541219604
-0.061245805732747294
0.46309319366458546
0.048255514769483546
0.0040816734973951035
0.4095867115196416
-0.008306072225184417
-0.01273085212268451
0.43799540488070565
0.0383954445971868
-0.035006654238042
0.36093215530507994
0.03612983718469482
-0.09826195336564522
0.37807998531915626
-0.011468589399913354
-0.06948564845621458
0.3718135660141412
-0.154495838167279
-0.11022987123358047
0.2656635998412943
-0.13707089771254274
0.06217422531899898
0.34895138743570603
-0.0052853427975059555
0.11944154293401721
0.4387939124717239
0.08618588910634295
0.07142633774975635
0.3299929998629819
-0.0015508221056958014
-0.04704569178900811
0.24899004724278628
-0.07366717605449341
-0.028178654843978232
0.43189962674437987
0.09836949192792033
-0.04932813247608804
0.33478537710081324
0.08195721074757206
-0.10838348151988123
0.35377163573962095
-0.01486832393204707
-0.05955145670247913
0.4393395643628412
-0.02474380819411897
-0.07747685419180655
0.3688790875019445
0.010303553968966154
-0.11015064293489944
0.3207980230668911
-0.0325814901415707
-0.10143073837687264
0.3031526519017495
-0.06440592428501
-0.06052114268838435
0.3318839049997615
-0.02667396664740197
-0.05254629912073547
0.33579088002418833
-0.025884963124790925
0.08329192234942566
0.5551297899389984
0.03044057532299036
0.05473024869784401
0.4052468485355848
-0.044001913660208565
-0.033076759610296796
0.3443416429108541
-0.018918544003051437
0.07664554476349002
0.4027028987084009
-0.015321581955455531
-0.08876627536293359
0.4377416636745638
-0.08192434281970142
-0.016729446049749214
0.36149207023750524
0.017048398449573947
-0.09265813707212736
0.32855582448922865
-0.08890992331141356
0.18821125419509258
0.3596080452351991
0.012094374188667451
0.5029887052464139
0.6425982869751098
0.20272680881305355
0.11800765932517898
0.3816416437072509
0.10872001593996698
0.017433225503415924
0.3350410636482659
0.005019760371019604
0.14802801875846291
0.35958305390431644
0.2077223715019817
0.06826939413813837
0.43054252586335284
-0.0009201034397855032
0.17612216973613606
0.38948038067701446
0.02642833847703125
0.010760974852677987
0.2408625081898112
-0.06865589338704331
0.10846980425838389
0.39227846258283083
-0.03625635546442038
0.1168112858762633
0.23167059461115208
-0.18778910497390347
0.06961298827465617
0.29126784680073464
-0.025850256110886812
0.07562105518578806
0.25349713386355255
-0.044258982993012175
0.5162133805408784
0.15621755342774796
-0.01843397200038556
0.7189306340190096
0.4899658756849891
0.22899536754127992
0.4528478223371545
0.41973903567496607
-0.020625285134289125
0.3060393421205491
0.2613578389343142
0.07940582742524457
0.33336188581640064
0.27099712350192595
0.033230989640745875
0.11185853165668497
0.19907008401623183
-0.09889533395711181
0.3576170359757623
0.26669239876775
0.012380638909759446
0.32745572058357886
0.2490606010352262
0.019305035429165444
0.461597703032651
0.5982559129858727
0.2649088562567421
0.46845446303095684
0.4861694741256879
0.12343527522412098
0.30233068848386
0.3498038211657994
0.11047258485415468
0.2601004227919896
0.28030642869728656
0.2646577523548247
0.13133113367481014
0.24650407393196322
0.12493878163984211
0.248105014339567
0.5064050074128904
0.16061533450406043
0.2798273366427668
0.4149916485978623
0.18548384339323515
0.17301040533425593
0.2645871917272212
-0.06775109128417871
0.27828382606720314
0.4085995933661686
-0.002871024060904166
0.22909277073002057
0.3958114548952836
0.020872215550499697
0.40040156802511695
0.29648785077966494
-0.08542954982463348
0.26261947599605473
0.24814100294884012
-0.013239021124307642
0.2277389826610416
0.4189412123335984
0.17486214373755915
0.16515242481771852
0.318565891365554
0.15496858791630422
0.24029546183529912
0.3375319171449028
0.10310593206359342
0.31702725067574977
0.3799922642241813
0.02789797847857434
0.04496460616263306
0.24881443162815958
0.07800692282885636
0.3864256817932091
0.5559852900779809
0.17371370080397086
0.3721694505567651
0.4314128089399262
0.11475973309561723
0.4665398651918785
0.47559600802643237
0.12747161693684494
0.5032707906469377
0.5632756739571532
0.18985126206241182
0.39664742820282867
0.26644675187166156
0.03392191387900232
0.39468609461142534
0.3674268760366432
0.1510847498985814
0.26879715123991627
0.14430598702860895
-0.0652789058007651
0.3888900361871387
0.3269543471103623
0.21591927137163502
0.5192537392361053
0.44947314976895364
0.24403393330139284
0.19181617849507693
0.3028523892138879
-0.00908742108483094
0.3891556558370854
0.45337503183088934
0.2806591273164384
0.4060359997375748
0.417470596541756
0.23579873523205552
0.6325720553916934
0.5606362574770892
0.31280174290666407
0.10080821255002345
0.21636037273312678
-0.048204983572931716
0.4438247751990413
0.4513592313370673
0.1122683896646241
0.29683216954108693
0.5652873864947978
0.2653508002139743
0.17030738656995925
0.42132196657315646
0.17883595547942924
0.2510618815716165
0.09691536012250576
-0.12697783836721058
0.21271340810721548
0.0006310261175656515
-0.34759421655008815
0.1882229892236575
0.42344559380125235
-0.021272657283723042
0.4055611730201397
0.4612873472412663
0.028779509713944516
0.44869786251221755
0.6066764549059587
-0.027554979262274366
0.48317587626231573
0.6472555494629089
0.01132616049439232
0.24219119104775716
0.13864614581150791
0.04150751909675733
0.22375177303095395
0.12943106755584227
0.05384660384019661
0.37317646095045653
0.24304530270319447
0.0886591117885423
0.2861361425247137
-0.04114925696821363
-0.21811484308682477
0.33843339737731715
0.1095708303855026
0.037083335027454326
0.4102099317772694
0.11764676509007341
-0.10209232459999554
0.35510971289450455
0.24111714923256364
0.2671943082425515
0.4049549079161027
0.2740813003011161
0.27848825177256475
0.2705669818016444
0.15200501433463479
0.24501180657200522
0.30483502396692697
0.3683797081437572
0.31011226045607965
0.2871199001729094
0.19667928210724378
0.21343938436863455
0.5675823058604166
0.4322902185163752
0.4107843380124989
0.46237969117457917
0.16542788897719307
0.21574395500813437
0.4809176652973121
0.2878712587717547
0.2243024520220997
0.5243489992969161
0.433590876081329
0.27092961437164026
0.4063099754010624
0.24639487857487913
0.12619474814504616
0.577057820007945
0.3402998564221624
0.21749747631342908
0.29866553482265157
0.12439355723146506
0.09023997873288109
0.355638287946477
0.38900993038508136
0.15814839535227906
0.23971257508505822
0.2598306101810255
0.18844429156974452
0.3975700142841219
0.19006876536714212
0.22777408934592527
0.4196230049878048
0.30890052877366453
0.3401281441063767
0.262292906054609
0.21946488178582757
-0.017746239772745982
0.26615626875322157
0.18342549971058292
-0.09984903620372672
0.42244198479780737
0.1975410542874086
-0.039157777592848275
0.2777190800162986
0.23093767168563245
-0.13302811115942617
0.3466508518450041
0.3915670975123679
0.15925371594106402
0.24024171819644055
0.475976732209615
0.11135015634776692
0.21118678591322754
0.32674396464221434
-0.044024013987917415
0.13532683590367126
0.39935699141089204
0.04886055248217894
0.4570120502729544
0.2589682905762702
0.23137954091650853
0.49394846773496254
0.24394004809181657
0.11697506461875276
0.33296988316140985
0.3113158088238941
0.11466175189813771
0.38010085116926395
0.20026103153270897
0.07957067905005832
0.5539928801004681
0.2834196974752957
0.08155286897526035
0.4112201526316084
0.22726427209333216
0.056802159990346594
0.36825062308059753
-0.024908340642715153
-0.05168816137223337
0.31681635557383886
0.19152801483553736
0.15930789810148943
0.4107226600742675
0.27253757487865155
0.1890436555236285
0.4134385031832355
0.3026617657964189
0.19275665894305832
0.340668342339702
0.37623727670060475
0.1251536469312582
0.28421733823290984
0.33777908302071313
0.13245420065449265
0.39467135438688195
0.31721949728420906
0.16295416699070037
0.2106367572433664
0.2790288767542484
0.174351448440137
0.3828079281831569
0.42715388686184264
0.1982984890490036
0.3680199078528887
0.3327277262748598
0.08414687773819747
0.3701542997571917
0.3454968644940516
0.11209118063311552
0.33382690696627154
0.27283557431789984
0.1051710105554847
0.3428022997189344
0.6160338375261488
0.3218565513472088
0.40186364970805594
0.24380706117244502
0.15421274065756757
0.5966133122926152
0.49003198767119693
0.3739229148266895
0.5212173447312484
0.5059719388605373
0.3287617387667652
0.5681464961911467
0.46805897816263786
0.2960862547475144
0.45584611779856954
0.40685753849817885
0.39424276701760486
0.5585384799078834
0.4751146138883694
0.2634239815034669
0.5139259003061626
0.45668893020423285
0.23881582033691923
0.5547640353091658
0.4026650384078857
0.3235344172137008
0.7068253118796081
0.5416160662275784
0.35287175160176365
0.7064541533141198
0.4573890134011036
0.3541231915060522
0.4360154685669513
0.3827221123218425
0.26310945030603294
0.48575484679325115
0.36305947838095703
0.25129992854082384
0.4684468988437913
0.2819713577526982
0.16121902135506117
0.3494823247961496
0.512318819375819
0.22018379278193073
0.25802380914385536
0.3767981990566105
0.07460329998509653
0.4315390072558507
0.617959316082132
0.21613314139770604
0.4776194152175601
0.4277105070685127
0.26298991968151536
0.5230523362230883
0.5114443885829703
0.2624025615132125
0.21325190971428146
0.25135357013849324
0.2359726528007805
0.28237981191408856
0.2976299250050868
0.1309845091687477
0.22324203707370383
0.22147537173080875
0.086641129516737
0.2189548497996358
0.17942078575913922
0.0907797618124921
0.2284542115100283
0.2277776772705773
0.3445140360567904
0.26524945652732507
0.09691994869858826
0.38894677872212524
0.18399287393774827
0.3647786102595416
0.41857998154990905
0.40823791855657626
0.5589073429722053
0.4023658264972647
0.23589486451696862
0.5241801425335343
0.20900093683288584
0.22411098264563706
0.6749939704917363
0.1651700922072324
0.3165369806718088
0.30921786965007714
-0.0022838940264732974
0.6734936594202019
0.29999767652958365
0.17455720709668646
0.4254022236387459
0.3321396397478821
0.15480029795717254
0.6437852173729892
0.5274190468598907
0.11140321833617489
0.4546415199674603
0.7275176350931452
0.3027746665794917
0.36895896106923654
0.46795649894993546
0.33129177098356033
0.40596696853328157
0.5268699763246055
0.3656103849441668
0.36625368472745057
0.5018984314183501
0.3172245008609318
0.4741002942849292
0.561886484468924
0.34285139844484236
0.42052215764186557
0.47078215709947424
0.2730960502768863
0.3036125614858887
0.5137292720152488
0.19319945500854319
0.3291598790735114
0.6028301284410739
0.2519053639362553
0.32646939160065747
0.4605828527500602
0.3244481054826164
0.33545627452505555
0.4516391046749802
0.20185992218236903
0.18459414984308486
0.4463498089477942
0.1412171595185203
0.3336942895555883
0.3685618065627254
0.20824046877998506
0.14980663533504598
0.24532289357758066
0.009328448064119494
0.24698031991066882
0.43518059128151954
0.11348160629069592
0.14012192979913707
0.37685907589145995
0.07215851003210716
0.22920866498160405
0.4191454521340411
0.07744921364556548
0.4051973299329539
0.5379671609563381
0.17318296633139055
0.3553873964385138
0.559431243355746
0.15260378190866183
0.17107420561361303
0.5235738538214655
0.09724117093179788
0.22812082717247975
0.33803502890014225
0.022803393150931047
0.2909480510566711
0.4467055980237383
0.11028383140680162
0.32225204504345883
0.6317710440534094
0.17792092338385238
0.2638027885950006
0.43392534025538154
0.09161637783059767
0.23830690282105765
0.6169721600037537
0.21669559461236493
0.09293774181125639
0.4789789185215364
0.24367887297540036
0.2553607644262997
0.6044267978406351
0.3051027125414691
0.2471539279564789
0.4870642292802036
0.18389526619021657
0.1600033999591968
0.38500877353503543
0.13119644126816146
0.09254843064713164
0.16212688467444886
0.07224995134041357
0.10283736658297521
0.3424931888657172
0.23615101663364146
0.3311744424072889
0.6120595879243492
0.33819718123697523
0.23412661420976483
0.581060862478814
0.2841426108456341
0.37353800595795317
0.5922325199725619
0.31534819534613157
0.3498372122026248
0.544427595543012
0.2656101779751022
0.20306201116559752
0.49597598465791587
0.22702087801820903
0.29825571408309137
0.5116738958231151
0.2593759872733276
0.2542293646485477
0.5435751264670002
0.3138538179797059
0.27186635982683605
0.41160457983356724
0.3956015754421819
0.41266972896858534
0.5282331812523948
0.32503151719613765
0.40262537017013034
0.5294975485206775
0.3693704890934059
0.3768829482659649
0.566838344635183
0.3735524366937778
0.4298435745285986
0.5946330032710101
0.42403586870491605
0.3893642832066553
0.500662280706118
0.3593010688063094
0.21999232760642373
0.4846247645701218
0.2604334201241426
0.08287219450402743
0.4300621210089379
0.19264612540458376
0.2738206370339465
0.5315484989312984
0.3012550372399647
0.23309190361298354
0.4608244410986902
0.1867875902702562
0.1412209135394423
0.34114957823232017
0.15304068541133692
0.0285131587099042
0.19310309477912424
0.36413047362138595
0.04854110055439928
0.21217576125500964
0.15607093219331883
0.15695608270466332
0.3258790573138448
0.35708893915860024
0.41772024686600095
0.2117024024046302
0.3254201928718517
0.4112563572654413
0.39624404899766685
0.29649722009226165
0.6250950687870362
0.39824431883322475
0.35519654293925224
0.2534453838360653
0.45776941445819186
0.2085427184379676
0.576826182297314
0.7087455653935302
0.4779843562065551
0.36834171624772183
0.5871896747413249
0.4976004017558449
0.628215606086072
0.7766095049410736
0.5606629083715277
0.5082678409003127
0.5770194095289989
0.46918799090723184
0.5872029270336041
0.6892639870862565
0.49118850868840047
0.534892472167545
0.6637244352713618
0.4969043654280984
0.006124618924912673
0.03899919428403796
0.1437440599801688
0.1093258644503297
0.26655839941640963
0.02738661126966242
-0.0007759547991243593
-0.05903921365431703
-0.0647995706638209
0.14798410285565625
0.14885785940885748
0.01325524541037312
0.2756699956912583
0.13880172671631602
0.062004756102769884
0.1202174606435766
0.11709554781139951
0.04215532478059192
0.07991276309297966
0.18282239447419038
0.1258982281350366
0.33746300980956245
0.03668519155041653
0.21421668686897727
0.33667008596913617
0.2979839017830571
0.10653254811612406
0.5499153903612524
0.45251154674306737
0.2328259133182343
0.5756101563719298
0.6980358848508377
0.5123357901404515
0.44653021646276125
0.5178005308789245
0.4489703149255848
0.5066649789440631
0.6362621431278539
0.48361724933472683
0.4406324871812961
0.6754970409641285
0.5603433970479075
0.6581582105352038
0.4974139965558101
0.5475870595946211
0.555316803010704
0.5933381006995847
0.6217189916159227
0.47293846475321344
0.48410282953422135
0.5188349035884653
0.4332053144286945
0.6147969349053592
0.4921154962894355
0.4202736639214586
0.49621173025709603
0.44719790087090766
0.5062743205436357
0.5697420816148222
0.5376005395260455
0.4668535393833273
0.48423172461397024
0.5118641462224074
0.5265225134479115
0.5854438751331502
0.4630643140209434
0.1440798111368765
0.2777524229076192
0.18112891386190702
0.15629148547360203
0.47049249148253536
0.31227652573491127
0.10507707707601668
0.5840685719388388
0.13766307518905624
0.21223883688500966
0.36118287802408877
0.200217119812165
0.2545028918484324
0.46803576167718663
0.17511937350131354
0.1347739650890527
0.23011224071603067
0.28511402723293483
0.07007148514119622
0.2649634300129332
-0.02280712891579714
0.1628510277676037
0.5435208124259225
0.15894826822623231
0.18581798848293457
0.6056113229956381
0.2586060877778206
0.020559851370526315
0.5697516131552871
0.08174569324002676
0.10164436672672703
0.5503721168324511
0.050509761372401964
-0.0021319677135017093
0.3887381478681925
0.03378402766789464
0.1103144321556937
0.5634052731352257
0.0071992646618719135
0.14835572518081547
0.5336571166736478
0.02392582080072768
0.18696527257927392
0.13469366449991702
0.023163642960377737
0.2402820891509007
0.29454374299697095
0.20625901495528678
0.13978844072281515
0.2582540572158845
0.16186543460566627
0.08503631204837289
0.405093575205411
0.08768349716396728
0.21103213844920224
0.43732792692399025
0.15236064734383645
0.41758615523044357
0.6471296252952208
0.5101552094412667
0.449854453225522
0.6708343407019646
0.5178847620261691
0.43554775199712825
0.6344289936844691
0.5408578106001649
0.2916571636435058
0.6257707993457734
0.523802286422052
0.36612991092068137
0.6732415107216092
0.5196100746091269
0.23491450935541902
0.5431841722658081
0.34653317797645133
0.2685732511952916
0.5940839320155156
0.38593699005204984
0.25952434034029526
0.550590044997223
0.4616602586834832
0.27362297135896974
0.5808207590807045
0.3934062550903328
0.29437325658770086
0.4673798341279316
0.3330234622505042
0.23842998925529102
0.3409499706815703
0.3776263577418688
0.3507031906710353
0.4549479028235894
0.45473361330140094
0.3936682776298861
0.5534898102786314
0.4177549831257925
0.330392191449567
0.5046832937037034
0.4638602785531793
0.2807924135755113
0.534240459556578
0.3450499917164124
0.4082347209319706
0.553907371936681
0.47328575566840825
0.04890387019126397
0.4468369187207685
0.3234059991472916
0.07879213913011315
0.36323961502678925
0.1627317256770497
0.16789200064069643
0.5299210147308948
0.3350924175480202
0.237962819523998
0.5532104679805168
0.4123020045582682
0.12755850424678927
0.3120135953891127
0.24418479244344776
0.14836806273853276
0.2397407431142487
0.21677864390872098
0.17347898219675736
0.20224283177257255
0.38228464095618686
0.2665261654577068
0.3721111461819789
0.3013016007531304
0.04469665139791873
0.2412264381632328
0.2949417694791295
0.4427637973638265
0.5432553180558508
0.39582762010177863
0.418087602053859
0.4193263377855464
0.36975726279640797
0.25396019882753074
0.32814792909750734
0.26400682157717636
0.42918310084007405
0.450590119873405
0.2869927953330338
0.3145097609955296
0.3024052706457142
0.21494453161070215
0.20110072636938062
0.27268559096073375
0.23454458015576213
0.0862949979227228
0.33425278840795997
0.3627847709713888
0.2188959576632789
0.3981112719124287
0.37727124139308
0.35400936469164196
0.48997261524697694
0.43592907976280004
0.17283931523341184
0.24652631506269526
0.0518298911004427
0.042772344219569075
0.23502104230931858
0.22485944360150262
0.06814977098880641
0.14034306054574214
0.1465427715553977
0.10417313125408759
0.4313792967492954
0.3494263358603139
-0.30258771535325385
0.1938565800773644
0.08867777992176322
0.16181845962740057
0.3857241400267458
0.2310674446817208
0.13603932705624666
0.4103029663748954
0.27359673325236866
0.028944238165391177
0.45516016584990776
0.17822833818834719
0.1886296512847857
0.5279972473486796
0.24618907957811148
0.13428100439770008
0.5005617876144984
0.31881677184203383
0.07651282554204547
0.4065522490799797
0.22481114785319672
0.12360998477735367
0.06651381547662974
0.1813841797127741
-0.01771983195001252
0.08101102138646145
0.24965954107280516
-0.0637259788107975
0.05393594516283617
0.014496745630812918
0.059340520910370516
0.2683253886324299
0.11702135393446167
0.1491648040593239
0.31571506493686585
0.1238791756746451
-0.015919594817910124
0.17021431827673117
0.023022680520473494
0.008458501178129449
0.2834048390548668
0.04664684671729674
0.12564787480605183
0.5977265635666285
-0.010647206881236873
0.11547409265495198
0.5850490536197877
0.18791109290146704
0.07863696683721444
0.5208086286450161
0.009745228172935966
0.25732511496678845
0.6691943421255873
0.16555921142501498
0.33636162612102694
0.6621444283537553
0.2672451759997365
0.3834911156226398
0.7118290875694437
0.4421246501972308
0.4935778425696599
0.5944390815173336
0.36938691203458957
0.17932013177812378
0.5100901142056541
0.06419947644305268
0.33019104897120394
0.5486786836227665
0.10200236344939406
0.25834061686090976
0.5351779171775315
0.1481249185211905
0.08021456775519825
0.4359426213088593
0.004340322781414895
0.16357937116878113
0.5520671364908339
0.06774651390081347
0.08687038577334776
0.5449865898046931
0.05299805603734167
0.17340633398088295
0.5530501596443902
0.1593648319237995
0.04528687728183553
0.4733058951241469
-0.0009043217688691971
-0.009150629161918066
0.34119753659097174
0.42314378581675666
-0.0175274768178393
0.4805454291074011
0.3422547634723135
0.0707180741363514
0.5905589948379929
0.13280148751294507
0.04206906497145742
0.5164781727131271
0.02324191609106338
0.11538354737648271
0.5408659834939697
0.14431919865868723
-0.03851621947161538
0.46041105760602985
0.1637328885420478
-0.03620693733470509
0.46751009299348234
0.134709396640068
-0.03460703876355145
0.4154977425747535
0.15927665323659415
0.04148375774522201
0.4914774145563583
0.18179109008714206
-0.010919228062741503
0.4304639918484275
0.20862276246600883
-0.005933852587943312
0.4947397123014198
0.2557184754786176
-0.09463369255926854
0.43266485350835365
0.04384592810494074
-0.05433332752399095
0.49183670997281387
0.09701809359226092
-0.010887916673320397
0.4847658964358835
0.02295303808284118
-0.029897770911055582
0.504494966502502
0.051414057289203785
-0.031798134435912506
0.6285742125626688
0.4721257293787331
0.09774372677595956
0.6411153724544971
0.5501417561449231
0.04294099059189317
0.6490831130563983
0.3874828049853175
0.05747673972035813
0.5312616406870029
0.32665536501250253
0.20929772313439435
0.5969709718435013
0.5643010258649288
0.2553552188698595
0.6867030970255752
0.6891317577867284
0.2573885351381201
0.4504432609067009
0.47592121476271143
-0.15041784165219393
0.3164966641200102
0.2876500334100844
0.1120503767913722
0.524736208029028
0.5561462843874947
0.0886173363797465
0.4073132329305063
0.5617348864306642
0.0839762474574096
0.7126356422333375
0.6711887498303855
0.04959551024034888
0.5086429345522856
0.4911856445482423
0.24151759129886222
0.505758054066161
0.2577848219996465
0.16315296804425716
0.5879962753418098
0.4332048427820448
0.18948997209514154
0.5757556381660889
0.3061702540079055
0.2645289660835016
0.6301061489686222
0.424917732814632
0.1786296478170481
0.6702925332063621
0.3958462938357223
-0.06067718374038471
0.507198132808543
0.24941528122585171
0.3632485148730268
0.6129614181319643
0.7210271358026763
0.40358810152524993
0.6174824452629296
0.601061958118417
0.3056295887844814
0.5819191889347828
0.577233384000335
0.3636970435126851
0.6737864896087804
0.5629685777437203
0.19533394918398345
0.531668670816489
0.4305364660369323
0.30579082953517717
0.7394073078861155
0.6501454422493473
0.3219664013446222
0.7239617964389244
0.629406879874487
0.33769582150386573
0.691443864269466
0.6401919312123471
0.2587380211387496
0.60338087750086
0.5452842942117717
0.25567616325871667
0.6705108011103105
0.6015143051822005
0.2770711187975083
0.7304527721592811
0.5929793080870529
0.3477459929029043
0.6878410992332846
0.5891320166975829
0.1696359443592491
0.7602364660099328
0.708366355064639
0.07592719923548681
0.6793726513523999
0.5734824059944129
0.08350022588472449
0.6633524907482014
0.6224107026090364
0.062451719287081944
0.4914611837707817
0.40468206654282457
0.005420953607074708
0.598148292257814
0.47910895875186216
-0.008258827295085472
0.6832561139163053
0.36559025685865787
-0.0015535047545111964
0.7465650196108735
0.4317923305279865
0.021369853977202945
0.6827238094156058
0.5227858602424906
0.18048387093022947
0.6314959584243105
0.5493316890382592
0.2255928974353234
0.5481262713330699
0.6217620520027867
0.25323881461955317
0.7017766868083322
0.6919521535428339
0.2687366391325351
0.6751163092496092
0.6105358494503511
0.11116736830582442
0.5572273666622893
0.5966915259690703
0.05205702550866519
0.6573488606395466
0.6706466209804166
-0.04884431029952662
0.30907411715487887
0.504023711072769
0.05737179886805599
0.39049162425615447
0.5763907155332555
0.04291366633821351
0.4914327509994824
0.5319452733029393
0.03314932209127847
0.4025881550756353
0.4534365916124188
0.31220036371003335
0.4725199816721556
0.5978430970061634
0.15636508986265724
0.5683443049743269
0.4638818896807687
0.17686879324774335
0.6999683146184053
0.5355049005310806
0.0534763168632021
0.4627762796326286
0.3883953995906847
0.2533862641052329
0.4593547743522528
0.5489480484329365
0.11422601805158958
0.4346983098212285
0.6168567902407724
0.4065904067328373
0.6738118864948095
0.5594859927857312
0.327234382315604
0.5787654407044882
0.49402213319814875
0.25524291437340313
0.5631141093935101
0.37723882487138977
0.22633813512988216
0.5356847006435794
0.3882087437207939
0.14620302035744778
0.4073409078982516
0.3936967396906105
0.39605990937155505
0.6673522478516516
0.4659952842491618
0.2674342269280219
0.585667834158457
0.5189007352572272
0.28200619252393383
0.6249562567112745
0.48726830084245637
0.47881437835290475
0.5648828804202181
0.38341818295103136
0.29777749724259794
0.47017717798151903
0.26950542965825025
0.5945905096937156
0.7765834315419329
0.6683566675885038
0.41306477562755806
0.7864224249718343
0.5839981588918363
0.3408619775593269
0.7379377547340229
0.6039285005588613
0.1360670540966236
0.7937895737494276
0.6750219491528677
0.06086206276954961
0.8192522302535383
0.6301348876537682
0.0623740194510335
0.695574412672524
0.46071937535325724
-0.01597618647786312
0.8098833124339175
0.45308491138101636
0.03131465698797123
0.46530520320975016
0.43820529375796413
0.07914107131841164
0.5296971041323462
0.4619971062083936
0.0575521337822012
0.4476269431686287
0.39948921262677073
-0.026223293356398145
0.4461045986234755
0.3018543872768569
0.09901931775302415
0.25578509201808963
0.14650059739617985
0.10480407326454075
0.5001946377283029
0.3732631145584273
0.016319769167829012
0.4196953426071375
0.3687735579481764
0.07293992777848553
0.11026607146749974
0.3122699229760093
-0.09861564913811974
0.3144332628468124
0.33455446065736816
0.004452049736413798
0.16415891962169588
0.22195436133470187
0.048625678675554646
0.2339390483315555
0.3515431538951057
0.23580531085335632
0.22290195187839018
0.28277692386991166
0.2950852282537968
0.4522627071332891
0.2833306756611925
0.24003930913732427
0.3512378646944613
0.3830048003041727
0.3934037418577741
0.5637797887280478
0.56122702708623
0.39161697049694855
0.3804258085690694
0.46678391054772317
0.4210126845441337
0.44861424581193954
0.5172072063198085
0.3541070322014014
0.5025989174337668
0.5356652082192791
0.19842704741918
0.299816384150291
0.38951598514062746
0.12720209535223678
0.7633870829263614
0.6001348257093658
-0.009697868195597321
0.3958450571881822
0.3434932782891257
0.0816299491160125
0.21030895935395946
0.353747365653318
0.15704872812213644
0.2649828088247093
0.2888555253939486
0.24667005815328283
0.4699018816972784
0.5732265677554204
0.37168048458720004
0.6131505928370697
0.4776326769326882
0.3060604100469523
0.20413521900012907
0.004707788014737202
0.1187052674423607
0.38019139398355395
0.2030473213867097
0.0076004073791414925
0.14048044454773886
0.1806003461537715
0.4154391056452068
0.4268357712206603
0.23782873297684332
0.20849916892192616
0.19189805703510895
0.2644774686071032
0.5929181808757266
0.3966469943609437
0.4281438569835108
0.2672350191265984
0.2767523286362028
0.19087269384681482
0.529518533567463
0.3636620893172977
0.4011960804616914
0.25067484886762686
0.33882094997613377
0.24973410882407657
0.2529761933812694
0.31563022523090967
0.29882395446987126
0.2529034865166666
0.36337737954445937
0.2337829124323964
0.2226872030902556
0.32062187361918537
0.2398545313524836
0.24503539223841986
0.278261150780664
0.06016792810211525
0.4565507867917853
0.314852000366886
0.01767395428424305
0.2656336279425555
0.24780866647470512
0.12998434192691366
0.3081792143627221
0.15684793674361988
0.07470687090429701
0.48566999712746095
0.20943360641905795
0.27251399224854417
0.4829548083085162
0.47607460196941376
0.4350695417559177
0.40337798962014126
0.3411516267905008
0.28205649294397916
0.3951616536156377
0.3076247751122398
0.34738266654136646
0.5680866895599825
0.4764439576885086
0.3446053661768449
0.5929154455106458
0.4589606890441105
0.43262940464706456
0.6437743311282216
0.4836360076620088
0.35661119111007666
0.6511132963773247
0.4855205628148381
0.5021489894638147
0.661821436962299
0.38383183798736575
0.4116626811441467
0.5343284269542065
0.33810825153075286
0.3656136416944289
0.10678473239968349
0.42859682767898477
0.26476776378275263
0.06759703348228206
0.5567920058642135
0.29700652840926284
0.339856361895599
0.44371322874498986
0.25990989999325503
0.20412220373477213
0.36077426326501105
0.2518324006043745
0.1783503607984258
0.42517458081798376
0.27944436511427273
0.23690693331952017
0.4249953194770403
0.3518791058392191
0.3482594476984788
0.4567497397480681
0.48150443582674873
0.37971466623428624
0.5912796010658732
0.491429656377827
0.1908348291233388
0.28511523892136414
0.2779194507954058
0.20350700031667163
0.428942584565506
0.34215529774199627
0.19797321191884437
0.7568396208198791
0.36872824504446455
0.20430904659156046
0.8185002438475588
0.3864162206057885
0.22624986327471014
0.661540639484818
0.38534615194823635
0.2805959694014286
0.7840196086026376
0.5551406116074431
0.36894012726597514
0.808819571267166
0.49342697056452695
0.178912156224549
0.7025331416025278
0.4327641148412239
0.1877266549674586
0.7551913948019846
0.47574172499992406
0.20119380298000433
0.7058361656785874
0.5358612035119733
0.02658474922925125
0.5778165881528534
0.4159679282755211
0.015599422608109769
0.5240205343185561
0.16672601889977715
0.01839144347297262
0.5055885491291552
0.15101715420041537
0.04694807795385586
0.5497069715660736
0.11165731533109573
0.023512081166517616
0.6646881482996769
0.14244179205259772
0.0189025254722363
0.6187586109702858
0.216780947543331
0.005988028763301024
0.620881457030922
0.1650039166128712
-0.25919097858550294
0.44368459146121186
0.22413573017368071
-0.03862619219517114
0.44641295593099173
0.22027559212467102
0.07315366797590492
0.531648176434864
0.3426198029601719
-0.00830965803989571
0.36766692659405487
0.3287077869110049
-0.09596218982529942
0.2524177098802833
0.14941120022140397
0.09459040792127195
0.6214499089911993
0.403289864141288
0.04865599468774822
0.5217482572415133
0.34870535952579207
0.07408927284763409
0.7887330681654126
0.35199713966591994
0.048371784472582446
0.5308448390675856
0.3097653696618112
-0.008484291943341587
0.5092830492166964
0.3834224484241617
-0.001008547107327111
0.4215077695509358
0.13956407978177618
0.04988839037804142
0.6319269578114387
0.2525157745557332
-0.00543732450541555
0.34842888337578193
-0.018270893722989602
0.01691997052654509
0.47771642155454563
0.06180305375935258
-0.0558804415688072
0.22313629040397975
-0.03351835997110738
0.06006863542224375
0.275634097054345
-0.04820505833776374
0.16869536373638452
0.43064221358431004
0.08949132085073258
0.16547950296687106
0.2974812534406765
0.22946776173491207
0.021851372487565475
0.15423763597199797
-0.05425334121316445
0.05217362293272978
0.07961583988529085
-0.0381013686350597
0.03452077962795033
0.32681653574503833
-0.004085762038281787
-0.0028353675322503775
0.38263356184922853
0.06543841607125997
-0.003252206983083941
0.2971577516084356
0.0737955148548241
0.09960200952411455
0.4591029979987067
0.11697999956689906
0.13719368749733998
0.4989961423283682
0.1514400312627273
0.09072473653949245
0.501619472554533
0.10826125893425706
0.15429286065017372
0.34665096648195187
0.08090524306852302
0.03537904720358712
0.26028334627216104
0.059895889896629265
0.1482368774878191
0.32102932444288346
0.215098082376291
0.10139821047700887
0.3268080155900969
-0.029933192050145413
0.06538436113330771
0.35434687256813124
0.051751025953213126
0.051326934722266085
0.3771030489159074
0.07289675533473064
-0.166557666918825
0.5077442851938723
0.2040608760314186
0.011017499664763206
0.5323538380422163
0.15758302355063386
0.02975530003755319
0.5777207182806698
0.27678662415877037
0.06244109252073731
0.5427646559118642
0.1894309452535693
0.034372168803803324
0.528527064814744
0.24615535650067255
-0.0204045234182641
0.33629588406339733
0.1525871530629003
-0.06428706099515652
0.3821727943218532
0.00780585802738018
-0.105889074314761
0.3033249889347439
0.05288199185497998
-0.008253357516280424
0.6057663049836255
0.12909393415468373
0.13123921911166347
0.5801373084282606
0.18773339323784005
-0.14213477782225684
0.4253435365058923
0.14927072683261877
-0.07462849201861255
0.4251535311541337
0.046637237417242745
-0.009040189774099367
0.40570113337191827
0.021187964343466162
-0.031828810512175995
0.32957044629012805
0.09433310459945957
0.10628698230657035
0.3477430240106487
0.21434258667347722
0.0856687010016698
0.459198289585129
0.33804496929452776
0.1379967096632104
0.41877764022886765
0.16908333811141857
0.10166419541712601
0.35398964459037513
0.07456185212126486
0.029293672688993216
0.3886668790641425
0.06407688650994381
-0.03621016951212665
0.5946220884784792
0.16485754392546692
0.18658635774765536
0.22092200636703058
0.14946431911018893
0.1787100624252993
0.21651655139171197
0.4660136265910454
0.029621604483870016
0.12655565085404036
0.04001230111991689
-0.05310894888832428
0.31928391797246336
0.33007047322167865
-0.013733830413282973
0.479052815723627
0.29219114114057304
0.21588265760048575
0.3710529429748423
0.298508782165926
0.0388381428062157
0.3011785903278827
0.25820788705781494
0.009887899908003518
0.1722116479392391
0.3353280390613835
-0.1978161574057123
-0.0472661197152376
0.19365745648983226
0.039152014820936915
0.4859424050585448
0.0654004297312692
0.20522185459749911
0.11028531818729731
0.21114352114619445
0.044063681247892006
0.3278932372008316
0.20819948046134118
-0.010805664031378972
0.2489830012418966
0.2645852346444951
0.20292951372497658
0.41850972522870866
0.3767865176047992
0.18609827909186644
0.46052092053675064
0.3236533285215907
0.11840071195189693
0.3337042189405238
0.38803237845955646
-0.05563194379050867
0.13321439936878915
0.016027779535301857
0.24375950749354194
0.07615678992070264
0.276506243830586
0.22855367055196985
0.2737762701412336
0.2397446625913499
0.22920954376238795
0.47328888490613524
0.21752865308243013
0.3512115444224031
0.03395539474934759
-0.11747365041067537
0.13679013310400218
0.1728225739816032
0.1537813821167122
0.039825288437734814
0.17019588380932474
0.09420746831141612
0.23603672520042793
0.4376351456933119
0.2635278497708268
0.10022903091574253
0.26088717698145814
0.16582758913824636
