0.25753871000738526
0.07509793684825591
0.14390515362540113
-0.05501571282881166
-0.05086312950395337
0.017887799036170354
-0.00166835534565621
-0.0015594004238262925
0.0034076986628462855
-0.018991225524533632
0.09580331369241403
0.10708547719615463
0.1673770253498686
0.0923063875832305
0.4723565969259952
-0.057960355821607065
0.01548652687710534
0.05943263631538834
-0.13668296282745648
0.05105243430619258
-0.04193748648843611
0.4656563319401354
0.7621930641663657
0.6647244007803332
0.12719556353816228
0.26813750749181475
0.3893702001576326
0.7244896810235324
0.4810495987388341
0.7550791906773389
0.6353739288255655
0.5355659338753633
0.8039310377678508
0.4207565673953571
0.5276717619194713
0.9052157266736778
0.6351628426328672
0.47115509741290407
0.8543311307467778
0.3071061219097791
0.34116025330500216
0.5563395069352769
0.3439961902816827
0.34665832930360196
0.5818660707065817
0.37166406389185314
0.48481024340548684
0.7125861081537006
0.31004578321055165
0.6232508812081761
0.7829509424401278
0.475518630221307
0.4554965460725198
0.7303652634292217
0.4983472696071498
0.31414680989281385
0.6296955489684297
0.3637552383306927
0.45574851137123373
0.9332290354775314
0.40354699939913463
0.46481099236812307
0.7027548189546303
0.436465741856932
0.4031482012664161
0.7156515075430141
0.500320950005416
0.42093281815663075
0.8339632802452062
0.23316488741949254
0.34317611358209504
0.7276543942697395
0.3421794798871733
0.11850021218170717
0.7175973072816143
0.2904146982318807
0.30388816784616
0.5176842865558193
0.2745079737247081
0.4089355311224767
0.7219134842500836
0.31777385379709744
0.24241497064169226
0.6106237514923224
0.3797334815424537
0.2292889866558176
0.4570259424339717
0.15481272475817015
0.4650689349544482
0.4795161866750156
0.04502007915989635
0.2574018236993552
0.4873224391970884
0.12087680543985563
0.3263793413156561
0.42819900178134385
0.4122000691824327
0.18642893100306263
0.17255174820360653
0.1941083240815725
0.2033372927068211
0.2920019180379049
0.25699145671059087
0.27196291528519073
0.6297003500233831
0.25417146697645265
0.14186628877101737
0.4466669827379579
0.4752783979251089
0.25088109221781685
0.6202636561401663
0.6111084586169004
0.6423630041490674
0.9338289110981859
0.19934518674220192
0.42892494075407195
0.793882797272339
0.2155678566458347
0.4168550070918152
0.6453399109919705
0.4135235452654511
0.5536660836258795
0.7112552624659927
0.35971501322329325
0.3059280933286072
0.6048476085829426
-0.09646320844476673
-0.02676292559592558
0.2673277302804551
0.08254955814323373
0.2901330150122915
0.2048760299036168
0.1805266926927625
0.1677011050832864
0.31784687359499525
0.5875134618884438
0.39750571404485274
0.7190498610634298
0.7080026484258417
0.2053843817021582
0.6479430216051802
0.6631774444046494
0.4440445397246955
0.6944246622851282
0.7077604391132224
0.3324032945922435
0.598526411571448
0.6532170641369406
0.5433945984695577
0.6363696916889499
0.43554833308827445
0.4690917303972553
0.5482151551779878
0.06456435973291981
-0.010704981240868418
-0.08453283373073159
0.16915330182347776
0.036886386961535976
0.08397409640304526
0.2503627669365904
0.19718058880626121
0.23766085166206313
0.2977819241193965
0.17020023070112775
0.5202285504981118
-0.04358094089319954
-0.00044796538644835057
0.4764190944040311
-0.11465633037035644
-0.08437844596535074
0.371693475430536
-0.004796157756260501
-0.07741493483471336
0.373062014214845
0.010828496891213487
0.014378994371360834
0.4736947565194266
-0.021954988393848008
-0.057469686628629016
0.29597773824870655
0.018405770471261764
0.011309956295642208
0.440888121244327
-0.04742257028527104
-0.0012102902384506786
0.5461402671938649
0.10537138586037662
0.17641006675237828
0.6682364785986235
-0.08729194059673806
-0.011211974905431847
0.3281923466553689
0.17237959988070814
0.09930999891454219
0.3281309341074283
0.04247659157878704
0.07480603369897663
0.2133338054925688
-0.04398270180385296
-0.00993513207244573
0.2003785977484024
0.07848424475684457
0.1334701048511855
0.2936060308563476
-0.15774730670980705
0.12676068088544723
0.5127817836194878
0.028569343079373873
0.30161759463443627
0.5273170429285641
0.04680557818458047
0.2185640836927595
0.5119542957094725
-0.008455767606123979
0.2432946809955898
0.6176531982557705
-0.13316323076789427
0.10908315723976555
0.4126155302932122
0.01396215642242089
0.14465112962810442
0.6980101067552522
0.03618739413863613
0.1354243659029516
0.6462291417557904
-0.10876090961793046
0.24961242881920273
0.36819836852960564
0.010798395953377553
0.08662355231671505
0.511114180471963
0.08045305787655133
0.18320606375877707
0.6378758906255031
0.06754680236939387
0.24846270764991574
0.7288820685937113
-0.020247899672873913
0.25652201367971084
0.6776868867898083
-0.17823270863310503
0.06264113544516477
0.6685011768496815
0.10432515689367594
0.2691582083109586
0.7955117368049829
0.1377087430865782
0.36406410738919115
0.9016953784593476
0.10039087478933749
0.2628709806429475
0.7780798563497795
0.0847544887536738
0.27553225003613513
0.8347385688311222
0.08513132238586929
0.30327114056807214
0.724927018111343
0.02125216390655529
0.3239552608977897
0.8599141438424631
0.06284199908390786
0.2113963413203957
0.8299697649587936
0.054735443087721554
0.13814418266966166
0.8488075798835611
0.059589484871895165
0.30017126813486755
0.8511239679631079
0.04699465265145104
0.19549397561810616
0.8929313933589661
0.13047265551260237
0.30661336262295236
0.9333269679346343
0.10601932178144963
0.33580210573105695
0.9251843211291175
-0.07793412895380011
-0.05646009559476826
0.674100417826572
0.1269166086700283
0.1566426110289602
0.7646439388155851
0.07852899992351003
-0.007380221045850227
0.5571542663034877
0.07562552418082348
0.08259444962945962
0.5956075549695667
0.07092031268694207
0.06576521798685696
0.3842443484435581
0.17606602523783677
0.21541129387332003
0.7053600163471845
0.20243969525768468
0.2799991670205242
0.4828679799955127
0.09699947291041663
0.1310451879315393
0.8517463363725217
-0.00759253685949994
0.15661274444710507
0.39024366360295704
0.020114554674813587
0.06181871791248879
0.1492504053502714
0.024690499419943196
0.04730638367394725
0.22220806894369705
0.09063128972166284
0.22769353389017452
0.10422354922804147
0.16832415642572235
0.13753093496769067
0.15110164131796722
0.043920374612099605
0.06407119163697651
0.6086793351291548
0.19462991295642124
0.6499845736273202
0.674598426959429
0.08912785536260781
0.44289324713021205
0.6288180414125841
0.04435428818987912
0.5417693123892888
0.5622085577836506
0.0211047386906349
0.42178049845991916
0.6255264639347508
0.16864142896373904
0.40059378093327574
0.47791742901503287
0.170971535920658
0.40969602460338217
0.5715528634712431
0.2036825218698209
0.4237219691746197
0.6616130513923131
0.2605169939433653
0.40040596261962214
0.6319403318368881
0.3701314362665944
0.6327422847729602
0.895897559882889
0.23081865949237143
0.721914720291176
0.9187757827697154
0.09548177014817133
0.4027635835329882
0.6809149870685567
0.10590688947682936
0.2088656913806295
0.4475993881454629
-0.0014169677287252935
0.1877001675181378
0.37613534317928404
-0.032919594919157164
0.301835036292339
0.35888064176049594
0.07126244027052366
0.10776376428768662
0.7014257306061142
0.11667103678765946
0.1674338823404605
0.47082888709423115
0.07257087537463058
0.19284852296087962
0.628867993387972
0.12857477375853993
0.08237278753419328
0.5455338063026497
0.01455861526508681
0.25137405650552014
0.4641027534308795
0.026355781955363013
0.23883795189401938
0.48201383006380416
0.0994113626804343
0.31072033136820565
0.5127011176027721
0.15843436765781133
0.3093000997777611
0.3314414410347319
0.12936102109915718
0.46415340236154545
0.506760386711784
0.18356076875318464
0.30089720723631086
0.44223835540700684
-0.07202761361516759
0.2988015384432045
0.2277684360148022
0.12658586131912553
0.1836357367853216
0.36092420464159447
0.010385081136812552
0.20443762040109287
0.5369855473792827
0.09635505060117665
0.3316596807251592
0.6970727636264515
0.2402504168400763
0.34426479952723227
0.5265432871649298
0.3472967291817056
0.34813851092736753
0.6667601217998744
0.31245489519115377
0.4348854864605214
0.8177675726057974
0.12274100546302488
0.30433625477852144
0.5649494937971162
0.2832942869454246
0.48794758264822224
0.7840429428141793
0.23507373679428656
0.40464900073473214
0.7659382411165374
0.14634240705023302
0.2873254658111371
0.5831469975309422
0.12225300917671933
0.3086724949053925
0.6625622545635937
0.1350830186181527
0.465225318050646
0.585428455246473
0.10881227018845809
0.3655777173198524
0.5913538722822937
0.21470938106932963
0.35864148435941307
0.5834924339205367
-0.018708142984187354
0.4544207974254174
0.6163251301088116
0.042845007094212025
0.6393306251967352
0.7535106369600142
-0.018383698817746548
0.4813596792089865
0.5723034841461843
0.1454251232422963
0.4923506169977273
0.7700447148398457
0.16401340877449727
0.5924371213142581
0.8073043031787444
0.09416404823337451
0.45566361847741227
0.6574900732647695
0.18387611915743196
0.41755645545690245
0.5906191279111621
0.15886339063748536
0.5958981293746022
0.69759402366679
0.1391086871605135
0.6083020018460816
0.6711856256589205
0.10745897824949949
0.5648683166192348
0.6773284052641586
0.17408736644805914
0.3253445084570763
0.6586134253048204
0.16164464812431212
0.4170864005213733
0.7912703327180801
0.1458673236276249
0.3803265680677386
0.8169648105001093
0.2229317582568665
0.41042243295688174
0.8790717334478432
0.14629266988115075
0.4942870445409967
0.8832360786371847
0.12662377197844676
0.3798971228139103
0.7378043003443304
0.26157303165603296
0.5252492688019011
0.8359806390284373
0.17228018771370168
0.5231618348546296
0.769259882912843
0.3063319428784477
0.5231973992657222
0.8521656633717432
0.19773224333614445
0.4688159445634353
0.7734420096637236
0.25889595681571564
0.5102464214187862
0.8311099868916727
0.196096616154866
0.48742853668464536
0.7514249006259961
0.2724433172065726
0.47695857672836733
0.711802621392813
0.28822692183233856
0.5463140124911257
0.7133050998567161
0.34950608515728815
0.5294672398469948
0.697202344785528
0.1838719764448019
0.5016385961448948
0.7220457023580893
0.14777795104945726
0.42058844860538974
0.6624672899866694
0.1898719716351202
0.5012533658754499
0.779880291631709
0.2595246527961713
0.5536069305498253
0.8951184297050998
0.2861863524639132
0.5686424956845391
0.7892409594043901
0.22920154882928262
0.41046510064720265
0.7346665312687372
0.18200024400511572
0.5262470273329249
0.8935202022034628
0.09224540822095481
0.26075817943674406
0.689653013298503
0.18737083391786577
0.3638880147728488
0.7993949898635793
0.1298680155384006
0.25715198416522905
0.6797040774476715
0.1388638173472909
0.41166792236432737
0.8340993815285977
0.11754856327498633
0.25848737245482245
0.8307398743289278
0.1038001942686014
0.2770298960941652
0.8698688427759711
0.05479493535270804
0.3182629751638485
0.762179801605065
0.03039337311161458
0.4243211177544255
0.8043253103286079
0.03149687390714443
0.47082605419271395
0.802222690630516
0.07987127382548334
0.5497830073502823
0.8171394578698372
0.01589521634416766
0.48034265424235123
0.8495366250187248
0.09088365880588119
0.5357584841833287
0.8615970371068103
0.1577108495488641
0.3880730824939014
0.615577009196623
0.27644135754703725
0.47944589006417515
0.7253104125969166
0.32077669120091884
0.4172383876578597
0.7423845080974514
0.2718858363636117
0.39604773739354965
0.7480069854972135
0.1920035563911729
0.6199079489052137
0.8486637501255192
0.1521699212562563
0.5680612954170353
0.8981403330929111
0.11194135255492516
0.5329060657511618
0.9026663638260165
0.16516027161730293
0.5657340875902493
0.8041628994868388
0.13474027469540123
0.5745716490167496
0.9567508097929063
0.06036764967548903
0.6243545550042754
0.8829845342859061
0.002321816397047663
0.4976010449003553
0.6910859730617077
0.13267971646496182
0.47282547941132214
0.8588800503989183
0.08283906154085116
0.40086461348623653
0.7982521702372922
0.19644356168739086
0.49016248291789055
0.9492991984605982
0.13203018346943318
0.5449964249833191
0.8514408601055338
0.1761651068248932
0.542691056238678
0.9128164803707249
0.08932808547844662
0.46733733484570666
0.6852521092253208
0.32255874763815734
0.49772250559459075
0.8419490119007986
0.22371128231840282
0.5522585444339196
0.7183102711080986
0.3318499390607122
0.6501416530185982
0.7475355470114707
0.37854186316167304
0.7269706183036484
0.9042186759864896
0.32010613122997705
0.7798918387182443
0.9478186535539126
0.04834857719837726
-0.006708935499661565
0.7713618274110703
0.12114981601789934
0.1592750922172685
0.8182653959041168
0.01689588170755165
0.14257898895438853
0.7723634124779889
-0.010579180533966384
0.056701748431907714
0.7763941873353937
0.11251025787359384
0.36744044024616906
0.8996259476147018
-0.1617936696609444
0.05246942519978192
0.6109869266998651
-0.012910130748161872
0.24051423844692854
0.6247455610958117
-0.15605755754601744
0.07456032312308891
0.49080819198540715
-0.13495851441815243
-0.016959641667355186
0.500896169056413
-0.04775628212752841
0.09149438502860986
0.599986363263729
-0.0754398679061987
0.16188640633953374
0.7468824120160391
-0.008870808656038356
0.10689929357644336
0.8065136329855249
-0.07043772094047886
-0.059855079394023084
0.26272737933088586
-0.07592877564884334
0.13084721136383176
0.4877635199657401
0.004725054436499135
0.17737873552034372
0.405923738640518
0.042686096677030445
0.145275248237945
0.46761662108261737
0.010707078807959363
0.29623597570784954
0.4248918224878241
-0.03730461349023005
0.10759187973358081
0.5371848003451611
0.050611083447363994
0.2598484757021239
0.6930413165945375
0.06390996140451546
0.24056933496245378
0.6530118494815191
0.1259332621454415
0.2525818494150275
0.6212991582018739
-0.047995563317789564
0.6092958669337621
0.39354404003127796
0.19754421314609877
0.5250945093833481
0.2735939175843808
0.01120624887254992
0.8027672869027812
0.45888438970092504
0.11056247073168188
0.5877771487850995
0.3887214522381661
0.20504037537289588
0.4959481840322547
0.5203032792329161
0.12669282733484225
0.3293487703545849
0.5726587562253481
-0.002647005571999355
0.40649576884545713
0.6263670102468468
0.3904661012198454
0.2496805131329755
0.6848951602010575
0.18418338939651668
0.13106385232204598
0.6423030183613045
0.005015012005029282
0.1921811151053897
0.752587713807991
0.35103688711911835
0.3781653675182674
0.4996272642351413
0.41243969417525106
0.26123810062815295
0.9017518792908632
0.3862897577833681
0.12007795505104353
0.6214481964032583
0.5538463964990993
0.21286007394582185
0.6134778903583479
0.07343565774504326
-0.3537051568553423
0.4167348602649064
-0.09932664104777177
-0.23562518744304756
0.5116757704355214
-0.2170977052725357
-0.3012698568906712
0.30555509572609985
-0.10984414574923759
-0.22014994771014376
0.3706853680568015
0.08175865925613848
0.07722494803879792
0.38623326148847903
-0.035409898577655044
0.014754314636160604
0.6130919131135258
0.011676874751905599
-0.007881891425900291
0.6222083108841212
-0.06262434889326621
-0.0751675805397986
0.5915321339587554
-0.02523638406732644
-0.04295267033386107
0.7293946704887875
0.0329359430111333
0.11393704023578541
0.7415360491037274
0.0546255555599719
0.046166634812699114
0.6484731448427627
0.003312064284060612
-0.09446105731288792
0.7300664428196305
0.09763956327396459
0.04179750838341973
0.47070292151079257
-0.18040887513120935
-0.04124319876138405
0.4558671071347452
-0.00541138632040064
-0.04838181749498302
0.7068587721387121
0.19537728702028653
0.05687837151326868
0.6097787492701174
0.03131084100565079
-0.013952504419610046
0.6224096027811804
0.03783509209968641
-0.0306954535963774
0.5127365740237666
0.3137475771110998
0.3046028526453263
0.8458419611978714
0.11580093728600349
-0.03773786091951276
0.7621279381568025
0.12619832333156827
-0.01666066243282172
0.792271478873866
0.053853140172010525
0.0867861635405481
0.7185273068785187
-0.04813063766523751
0.2619301844450622
0.6703891663513348
0.08576428118778444
0.22134447544520652
0.5812447730700567
-0.1303541499220961
-0.1333289957479933
0.29509705804734787
-0.040866534162931206
-0.009636465200243041
0.6301536965373673
-0.04167572923153975
0.49774056857749166
0.49245379749279666
-0.13218156635921505
0.35760794046703415
0.6469781384259299
0.08035181175360354
0.31815354270312324
0.4418855514137202
-0.017825149615427097
0.3337019629055317
0.5854290253594576
0.2596619399185043
0.4373622485354262
0.6057088101184275
0.21181962965252454
0.5365267561995196
0.6531507798876939
0.15924737929858654
0.3761080815208297
0.6175596979471001
0.2192453169997471
0.2712113259279521
0.6093592473794178
0.1090574429494589
0.5593801820048592
0.6500434189138495
0.29942226742747496
0.44894341712521085
0.713813656958685
0.04748216887110034
0.2433699581056286
0.7913340388062693
0.28156874544504557
0.5122002480203203
0.8389693597282846
0.04098962209664349
0.44046178300153493
0.8502665092967969
0.17162174401611133
0.5028359046719122
0.7932732478058856
-0.010148288269056518
0.46481516749224205
0.7520405952105698
-0.23923968345175578
0.2858791964340253
0.5500664635278335
-0.027796101773955986
0.3685595285550549
0.6737963945950037
0.28560126490686855
0.48901729878796435
0.706386708172445
0.0849824231014175
0.6319073323086704
0.7411330683818679
0.3634140797949137
0.7552538918141529
0.8712932695010879
0.1631402397507385
0.43970869047027183
0.7467974209073884
0.14021433030203198
0.6553173739487486
0.9781757314470465
0.16887825873034235
0.49502059608777826
0.735315671809958
0.35994345829581365
0.6739370818379904
0.7675777933401993
0.22738516559567323
0.6589974273497758
0.8327837527608681
0.25687078595047147
0.5507038429924175
0.8933086453969209
0.29457820928938416
0.5567764565964078
0.8705111974142994
0.36504413249642825
0.5976586368973618
0.928830354594955
0.22703943565883095
0.5112337693703651
0.7755894850680195
0.1712190386014067
0.5162757238037631
0.8283675361944371
0.1429504023157028
0.6682666223456546
0.9083716743793093
0.2307842164845923
0.5806986710515942
0.7458111515793837
0.05961139618926434
0.47243557459778673
0.7206252297103362
0.13731277998913016
0.5460105961968513
0.8972381720073392
0.13531600994790807
0.6492757077619931
0.859020962020261
0.08598360630721821
0.5947278894054255
0.8267514466582796
0.10192927445918873
0.5480670508326911
0.9488199777684967
0.09067283820368084
0.3476042779581279
0.7845894520853685
0.17827197254595709
0.5587534604484624
0.920308505290049
0.16572085559754543
0.5095029687664168
0.8567428121274305
0.17658788889162585
0.45387084565315394
0.8267711390066113
0.26998268565119093
0.5406763298564964
0.8758725550208144
0.35970089982857567
0.5848222304501929
0.8282922046241286
0.04681815557904466
0.3675720701623182
0.7004088515475844
-0.06231815624948629
0.2798184666061083
0.6032830291434426
0.07273492340479934
0.3573130455427424
0.8985409448430196
0.06931706974925253
0.3275307528590234
0.829967341093294
0.27470060503452864
0.2364736327960859
0.7920317519869517
0.12377163727025313
0.3050953039764631
0.8678459808006597
0.2732193286556781
0.3092749512608902
0.8208792470162575
0.16950915751663284
0.32436604234209254
0.8607726562833231
0.1877611073725325
0.3681057592152489
0.8590880212247459
0.23986375023638998
0.38739531820837975
0.8038406309401533
0.1178741042512089
0.34995869494697623
0.808958322828876
0.21211562212225038
0.20016320961176454
0.8212406619215128
0.1698014155279013
0.2646673426171285
0.8653113757443572
0.13598896273092692
0.40366386021827094
0.8990742082438217
0.14774501984641447
0.3616689172104821
0.8997647015698104
0.25478530283110357
0.4683984533320221
0.8851789562398253
0.173537792036018
0.4229051816235356
0.8689261166250069
0.13017445771540334
0.4612984043686389
0.9539910821043549
0.11758161829190672
0.4058832354453411
0.9643687738412087
0.06062110671208074
0.37246450853158053
0.6888438880448684
-0.014630712070630084
0.31244514446290983
0.8067201324005715
0.11960186688649024
0.3997042505787065
0.8486106941492653
0.1317255099668132
0.38396076112121746
0.8798653187155006
0.07279850206833319
0.44558510759165704
0.8009981396720117
0.07717255755774091
0.42546289598156495
0.9014260434849584
0.05911485305803908
0.4374801856671587
0.8617728299439695
0.06145292005502678
0.3016025698199103
0.8533398383779266
-0.05328154329925123
0.20670912383714854
0.7836034783208017
-0.055818070830479634
0.08668832200110241
0.8419285162954755
0.006014034320550213
0.1503862349863099
0.9153049723806499
0.04428993627123664
0.29772138138209453
0.9531342609060861
-0.07514796656889612
0.11835362724596762
0.7880316215681911
0.059101346287138826
0.23153663857909315
0.8645061394142769
0.07469397557881582
0.24942123235553793
0.8407276088509352
0.02816987475455292
0.18527159388952266
0.9237022920531724
0.008021996671612096
0.16573775554618153
0.85247667857724
-0.006809182241257115
0.09617302906355403
0.795157765016103
0.005096344803844225
0.07981115077428058
0.6305838057716919
0.059867355849022835
0.34252254132666576
0.7557532520545913
-0.0008350467520013352
0.30768079321818764
0.865425638225369
0.08443235499172776
0.16030301342491307
0.6775549863946259
0.14184320188278088
0.30313112821933885
0.7672992735967534
0.02084015096821276
0.18224164358037925
0.631377401906624
0.03938243379479295
0.24291804150118634
0.7812485052324131
0.19224485275252176
0.03690876423763925
0.2317224883277616
0.08013697056255455
0.4806876229045361
0.14858460372753712
0.19732552995539174
0.35381299905400143
0.29613424067426775
0.29024564840121314
0.23658355105027506
0.6015840848201628
0.35540388107950593
0.34520197370934247
0.48195658808205954
0.39694195974399815
0.46928012331124214
0.37933592819563977
0.2815875847461713
0.24499878014310722
0.19706246437079658
0.43503632603262654
0.466708188845696
0.5575710319005313
0.05961040230297521
0.24029189802770415
0.30862495555925684
0.2852058863572784
0.34053731134207355
0.49066105496477996
0.34495948034431134
0.43481678930294343
0.6784392376877171
0.5465536048035012
0.6233472709576598
0.7042601182776214
0.32036227155723485
0.529915649913688
0.36210485865771835
0.45106397835079814
0.6328966339501776
0.5507564483062726
0.4374363028796755
0.570953915797544
0.505880704072896
0.24764719614748493
0.6659119864936565
0.49406159292388224
0.18830542870614742
0.45906681124645893
0.41309119611907075
0.24950319624500794
0.3976583262066716
0.3113187524966775
0.48236201707115356
0.6743550201522033
0.6109360876740038
0.36167885213567186
0.6670889768119546
0.5905492956632067
0.24931279727325972
0.38211517959247987
0.2994136007500052
0.24348540059791088
0.33452844413677
0.24076220731550746
0.13843299743863047
0.37579686167074067
0.3370752221956502
0.2916344390684583
0.3588799626527567
0.32934104654065066
0.057213205321497235
0.15289156573793236
0.3264017555731613
0.33875377285602487
0.40671268528831234
0.6266368660211852
0.3455557368667135
0.5008264207951498
0.6097847856550158
0.3473001812136968
0.5758702108128154
0.6838763748091664
0.17883395600656998
0.4648656981084759
0.4433275652060309
0.158781633068407
0.5392793786047019
0.5015654618109885
0.3009251999824898
0.5565231395485114
0.47120167100110943
0.3882391694864914
0.44949913159168486
0.4338172637366903
0.32589437925485665
0.6489042689459439
0.5082181831355629
0.34331210528266964
0.4368687302081552
0.7393121001749883
0.3924181456217146
0.4632335354669901
0.7483202891995925
0.37191616514810244
0.5332030477242861
0.6491251844676047
0.4067553967991029
0.5061273388672766
0.6880097237111858
0.36877363423607046
0.5934764504357081
0.7370780867750066
0.33241945406684803
0.5595178302902329
0.7514418479540043
0.3211958593724051
0.5176409980972732
0.8286762996001107
0.3406994432192868
0.6147486966134772
0.7581042050582899
0.40750521143814344
0.5743186023418706
0.9041076784124475
0.5235042433683942
0.6676933379133736
0.7888678472064246
0.5482839209314416
0.7014035221885044
0.7239372810881823
0.47544908333257685
0.6280655125623589
0.7936221232799332
0.34874361622147065
0.4488470279075185
0.7292567413656086
0.503133572376861
0.5531033060761222
0.8468142325563488
0.46978216913131066
0.6303736913158817
0.9330450349204203
0.5419449953532981
0.671937063462736
0.9117177948275743
0.3206169296282586
0.5980686252510511
0.877060979329096
0.4143962788312739
0.6857409967684728
0.8581372361690678
0.35939768768737823
0.7087649694204547
0.8542780093835342
0.40973307254949315
0.6684528358934192
0.8155388937701281
0.29688099096961773
0.546521958287176
0.9002099757770743
0.40418481735323497
0.7065464006801034
0.9153433032038577
0.4160096393800664
0.6489380093965214
0.8263301398952437
0.24082051582831254
0.6225840910365746
0.8593776521919376
0.33707351471247227
0.6443984241908456
0.8912454928178909
0.4058187230376231
0.609942159688575
0.9082885566872909
-0.04211057675571561
0.5372454924100665
0.6456425832899534
0.025367275912299498
0.6854463759886387
0.5545229890155725
0.10492754845907543
0.3892374988510122
0.5284430827300506
0.13149017491401804
0.3760001518322956
0.4544000063440569
0.0019308759997437083
0.29959404809925544
0.5032498126550803
0.13974694245446778
0.3654663914368515
0.35300791765014106
0.1423905088896356
0.513869456208345
0.41425139670184524
-0.20163047042472998
0.6825439890347065
0.4780213893894425
-0.10996155348312432
0.32587634550987743
0.40343622245769223
0.1542794940547012
0.38478423153051533
0.6403952558930583
0.43004231153968653
0.7336756058119349
0.845274837790989
0.37473362891608775
0.7356479730261022
0.7916207797083934
0.3716721458152712
0.5808227675237523
0.7426305931333561
0.13591017021737772
0.6910123447947589
0.6019752041122449
0.12553959210303123
0.4957920452067194
0.4177318834580258
0.29681023208378166
0.5658603370764921
0.5646140395295541
0.3437078502721588
0.8315425711068827
0.6892313075912959
0.27354661543808534
0.50769513804161
0.5106166209675381
0.389928561295068
0.7483668071772229
0.6852551246137026
0.29701272362822057
0.7467773702655579
0.7078146612367036
0.21541566138299403
0.7760533569595289
0.8996161163503689
0.28536935151478465
0.7363551684206388
0.9548797869324788
0.3755005652107104
0.7795038796647503
0.9383471503955687
-0.14573884208187918
0.02105114954359609
0.5569508761210352
0.13235754745141246
0.19149019362918723
0.41044999408105
0.10239511568530849
0.31566706023901814
0.45126921427890776
0.2876131257824244
0.44940861433829116
0.4806375570605772
0.3635671205848899
0.46821304945997166
0.5411168104651728
0.3884451855164342
0.123979343538902
0.48488847470725754
0.2077424311850719
0.24286343674574035
0.24624282800985017
-0.15751245790893018
-0.02474061983937817
0.0534761105257495
0.09519122876048543
0.449744533535306
0.2874856178867628
0.06770314259602321
0.07860538717601352
0.08307270119873396
0.0607438947976941
0.258108509235741
0.2191153780368799
0.2358601782397543
0.4502100488367855
0.2881373086156485
0.2463633792940737
0.42804802239933015
0.5594586659828739
0.21446109796493773
0.45269419873970385
0.5024117238366899
0.29739354471085416
0.3820720657357818
0.5011149237643359
0.37537616327453327
0.37082867291637506
0.36086702941592685
0.33098070859042333
0.47245527745783705
0.3558174462462066
0.46269555291113035
0.6418486438745836
0.666695472627463
0.4823943625236124
0.4333845246887569
0.25332920766699724
0.23398341917512872
0.2915900148007872
0.20505922038375335
0.4391065120712135
0.5178622046426514
0.40013411123428294
0.3630483704218789
0.285389580302513
0.20905501321445505
0.32080847600706863
0.441510394999471
0.3172535901769582
0.29283040740073835
0.2895999430336799
0.21911017351041442
0.06647893305297828
0.2816618839095727
0.20323958946825288
0.17270031334642272
0.3311645051815423
0.3123911987110436
0.17965013145786987
0.1097698348908041
0.6710122819713302
0.15681352614584404
0.4898523973048663
0.5910354466983065
0.308563036437581
0.34489343275553563
0.5593630021987899
0.19043542793247845
0.25478894999992363
0.5218708077550219
0.2407960628677467
0.15075362257381048
0.49272188428511476
0.3472415824375046
0.1778499645424767
0.2979085209339679
0.27335049696718217
0.2548937074313404
0.49262199678271495
0.08202479577394814
0.05327474890990349
0.5141382351587623
0.00585566194850321
0.2355463110036471
0.6221426616648338
0.2988305573500645
0.2666936592770155
0.7568902467788619
0.032844477097090104
0.23745023446394747
0.6019266066245708
0.0444198779679377
0.07371821418347177
0.07708626235143907
-0.031959752044277735
-0.033537789088923284
0.14902768929159943
0.13231460335747838
0.19686514920851125
-0.04677307257630853
0.25203287173405664
0.18054808693012647
-0.017719219702768886
0.32321089764754973
0.41199884122046887
0.34659585170502216
0.37305161540098725
0.43665767800395605
0.48250389213351697
0.8517292060276608
0.48299734382982773
0.48774493965462695
0.6270241788766403
0.5077216300802988
0.400288957687795
0.5093099586967251
0.3556982518215267
0.3470072946934576
0.4886038684572811
0.4857184613050907
0.35500877924486074
0.4289899443030526
0.3727175188658798
0.4133435718435632
0.6753667345683817
0.9279127281347872
0.8907988026561937
0.7170652395937368
0.6715354705869314
0.8827757025054068
0.7275027467404167
0.6948413996371388
0.7127184489160621
0.5401363826194338
0.5035172670017097
0.5689044503082767
0.6067295745529375
0.8759827085426736
0.7100921305697501
0.6478247902631928
0.5575144913571745
0.5913850471607288
0.5851623106038757
0.5408442937140985
0.6154540266005264
0.6172127996369627
0.5174823232775102
0.6959752179088134
0.6806649478044892
0.44217976496412326
0.6777179202587786
0.6681210688054102
0.5687723333647665
0.6993376447631345
0.7670590305578355
0.5837678280040028
0.6097748365318809
0.7232563598084858
0.4450869900471649
0.5947939347713213
0.06184685893939471
0.07465995651028984
0.20730677440789486
0.48622965327604295
0.08888560577692188
0.25763053825176396
0.34668987710243543
0.23584877059942982
0.4982689802391834
0.5390301480329329
0.30595944511981327
0.5628071377508568
0.3499813144167201
-0.01920578148783722
0.11993531065531769
0.43107707337320217
0.09827766002877086
0.3378218546189749
0.6426375752460776
0.4833557295795613
0.15033787234725166
0.5234640374363234
0.12457820713775133
-0.2668924494627787
0.8817992951062084
0.43472372289632866
0.0037356266151360893
0.8486777506140155
0.23055000276388407
-0.029854138735249315
0.6694448216338389
0.4062087310321142
-0.043775796973393094
0.8144786030087197
0.6555624950350656
0.15305087175984033
0.9174128927589023
0.49079840628074334
0.08707993520483195
0.7754760113765047
0.35675854645035887
0.08951291865043245
0.93803855302475
0.6973222513982149
0.21089465061404872
0.6299576370180756
0.7586536107129362
-0.06901965952557296
0.668356040423459
0.5910222946034625
-0.08074365328035676
0.6491754464730393
0.6038423196098595
-0.08241007649448334
0.7881590400015521
0.5911270793219304
-0.03762608305809689
0.8784867542722947
0.710150417455415
-0.05092648904819813
0.7583560976866801
0.7479603379478161
0.167842144263473
0.9048524017915055
0.8396503395193797
0.09406350064165314
0.47612119755813903
0.25748632080070843
-0.23801224944485705
0.47261865183192475
0.4192777624560667
-0.25245536846359495
0.6759542890174786
0.20416725973471386
-0.18583974709877504
0.798295898820574
0.4780519897711782
-0.05695499071914883
0.7607947715983154
0.3884567296982968
-0.0746722605340188
0.6400604721884847
0.40531856669582256
-0.13223395023937495
0.6766574825305203
0.3538339944404324
-0.21936766282128073
0.49453208303726137
0.13829077589126448
-0.04079859689635046
0.877452707110268
0.5697749273027517
0.40507872835008596
0.8730338731684439
0.3052503550952271
0.43511164952670417
0.8399805572393972
0.31448169689675864
0.27993428591922087
0.8489379635669154
0.41451021800020593
0.14290434952520456
0.9452003440902328
0.33667948431728184
0.21348001370648167
0.617850537734312
0.036339427484196433
-0.04558903925711744
0.7518714249170624
0.6086107395614163
0.20220300893288784
0.6576851439333131
0.2901216430528158
0.09768929865083645
0.701021107897866
0.7441369435485798
0.2991748791472754
0.6329856977403876
0.49171317269931897
0.4010512821654413
0.8269983207934635
0.4805486696195448
0.44133210379871995
0.6717069096228815
0.29508416728177334
0.29779951469676313
0.858959665948916
0.05653722359233118
0.14074825474089103
0.7162719775012942
0.055152667823527395
0.16522798804018882
0.6296800041214601
0.20776899305337726
0.22664987178949006
0.8917236581452017
0.2870593209739312
0.11222479446539603
0.9644853929506876
0.4033305542686779
0.24832693372676634
0.8297104284945613
0.3994163289489739
0.1515290878461545
0.9371993386989701
0.310000092214738
0.08114157500287486
0.921049387419344
0.1668062575831737
0.0242689446650412
0.8587730503936792
0.27637557385133477
0.35232249725019754
0.8053343708151932
0.4023446437041957
0.4140672120111336
0.9267975945532354
0.5336558216307098
0.29458749999794553
0.8370252344990013
0.32029441713321727
0.32195713192090203
0.6452143670844125
0.2275137629058687
0.01910921339466185
0.7003771489653599
0.23286061998092106
0.21290561650880033
0.8303760877687846
0.2562842289913225
0.03344028945214635
0.6048724418389344
0.14669697112975455
-0.07019049827116734
0.733078440901926
0.0738150374196492
-0.12963053080927409
0.7492015347082519
0.048343017644409576
-0.1839635650408732
0.4857867825897274
-0.013663073721876872
-0.18622935720198253
0.6922308599576688
0.007281277786220466
0.0984505555242769
0.8621659699568531
0.10591711381825947
-0.004602817478241745
0.9235212940139601
0.03001006269432948
0.0346129209046982
0.7959324837640649
0.05308669794421426
-0.055853531165768244
0.658832531698963
-0.0206045211396546
-0.037959470533843
0.9387891264920333
0.23838667524395576
0.18763630027448547
0.9148049545142449
0.089703006255265
0.1200029972315501
0.8496311481179204
0.1013233917865836
0.10644628494724506
0.6654763786882709
0.1611534427301389
0.2795920309541097
0.7886051983917015
-0.1914233887252253
0.3260222054316678
0.5969740168966974
0.1313927443775855
0.20866164999349404
0.542559275733219
0.21815835287283245
0.15179342165386336
0.6254790664182517
0.024873266434879734
0.2180419663921451
0.5839695110308449
0.15087420420896203
0.16229776352921288
0.7303161523342763
0.33696459136895995
0.2865330420960333
0.6527111401872081
0.27865337106258103
0.20522774739561345
0.4226497711292423
0.1139091734371935
-0.10542180962179855
0.3261547057390551
0.3608961790462808
0.09926373275590031
0.2073693260923023
0.21904966633665957
-0.10589011530764866
0.399383190123191
0.05953049978775197
-0.023688793285011923
0.5146875721478235
0.06271471683090463
0.05415273069680076
0.47855977559034113
0.33095888978170573
0.06973364915797066
0.4423595808184112
0.3223822836968272
0.13865180594974258
0.6356932899804189
0.4782322865993495
0.09676646681443435
0.6759756273832815
0.3874744289369939
-0.08314891704560355
0.4002414792932016
0.32136009963567125
-0.0019605800817437055
0.2918572824377527
0.34497714894139564
-0.1487481810040543
0.6140585981585527
0.3843636373542392
-0.2579597664810887
0.5494884494636364
0.25480323158215873
-0.25923403098693565
0.8418355726749902
0.35403053699752457
0.08959794836398109
0.9571589179146036
0.447460565132632
0.20634034335484766
0.8757362210359763
0.27692523671660085
0.10361494500558746
0.6056365023303896
0.15615675481332994
-0.005331645394241691
0.8008924614259247
0.2286407516487356
0.13425142326082867
0.6667185374989566
0.23654810369288795
0.18506285588959648
0.7483925501256607
0.3315983476323905
0.06109167983013597
0.3966412241656822
0.10720353700008109
-0.12077740860742389
0.5830019404487001
0.20098629969325707
0.1489697931330789
0.7583344024625678
0.4371135797231206
0.38060613087732975
0.7002003001162398
0.3677112998479277
0.3252279951016632
0.7832458588074533
0.5073232926934094
0.31763914700497775
0.8645129671350857
0.568841325139137
0.35474047055409624
0.7039843785302164
0.1756530059467219
-0.06204101415369372
0.6473730934117514
0.25091670649907766
-0.10722465707395118
0.716630838572258
0.5119648450579243
0.2324972292274218
0.5706584166461655
0.469711058763841
0.08508670100214111
0.671762352110514
0.2437604871023856
0.06990569892938801
0.8936105393502878
0.5654190597880704
0.31123094279221675
0.8141585874835988
0.5218517902077755
0.3437714926837978
0.751957412180083
0.4275065758558961
0.34976585412501227
0.7734720022331172
0.5575728733250296
0.31680653366743367
0.8265245077168835
0.6358278539290481
0.37865448871989815
0.9298039782837055
0.5168520262979732
0.3521842863306078
0.6135055707781384
0.30866205597147456
0.10299605031418599
0.7321585842079126
0.284271930697275
0.11881239871401866
0.9394409197860578
0.512537405568944
0.3169079110997569
0.7950091624137189
0.4717915249627315
0.27120567104345916
0.9299147105068699
0.38018903445026886
0.24136330737650447
0.9514265398297012
0.36258636118354026
0.1673351159547457
0.7983864386502582
0.20195120522849888
0.38584624234935455
0.820831645067677
0.37437754510393023
0.4249350066765772
0.9479543413295857
0.350963844618672
0.3435714645089559
0.26006747554887166
0.16298569668553028
-0.2546856006512869
-0.0003339733496733495
0.0627086261791453
-0.06097360135235634
0.5898926385918883
0.015073759303727032
0.19714775198902446
0.6077493776631088
0.06193942641130443
0.10628493102297312
0.6771161867256545
-0.03402629025272545
0.01623604625869326
0.724340509279631
-0.0442864744036753
-0.006082431058080508
0.31562514330972624
-0.09071443321512764
-0.06786689811467922
0.2073068818073851
0.010355963761694134
-0.11175026202488332
0.23233118205684228
-0.09974500510208004
-0.09844843599784654
0.32588256265551585
-0.05738268927852523
-0.01744417955922307
0.5072822534290973
0.07630728385912924
-0.14337074719679394
0.33078161167795206
-0.10854971638435798
-0.09452426200969438
0.16820326417033954
-0.18717278083911726
-0.2307244007569359
0.9327828035467176
0.13273715559481952
0.05171537894944459
0.8020401882718864
0.08720730189916656
0.06480206991935893
0.8137408047055816
0.028646839775619104
0.09270172102289703
0.7635866238125355
0.10341686818299188
-0.02178433385898416
0.8175033379326002
0.29331861482892496
0.03207151861051964
0.8076141488010138
0.27173262009265364
-0.0006488752205371928
0.8341632429170285
0.22164371229872482
0.07020961333216108
0.7145322043135622
0.04577808468306406
-0.12022019480523452
0.7020237216289027
0.14937009238853466
-0.0049128230020839435
0.8553488677370089
0.2099030746884251
0.022033210891377525
0.5263496630099739
0.14777622706485127
-0.10290629205619779
0.6979731527793981
-0.0322855484696841
-0.2154941946150784
0.9000309640925876
0.08128611969006197
0.06839719251427334
0.6835283445873626
0.01749562051897123
-0.11295955738569266
0.6611417999066485
-0.09799706682598416
-0.1563826013731218
0.669237546451269
0.021514682985380614
-0.15711102703216212
0.7754288267336534
0.10787223042807874
0.007228816981720533
0.877675555800481
0.17495293577689763
-0.022506931552760047
0.6584772627021417
0.04279222752987522
-0.10195940478513879
0.6522068395799603
-0.12532213655271668
-0.19754863121013302
0.5098273833789603
-0.02093267383178768
-0.25056448006549237
0.3774023408803579
0.07416827083359269
-0.17819767008540066
0.8633282822067208
0.36069879977272906
0.23817406644655853
0.8918487730219862
0.28589046354216835
0.26397704156576485
0.8964260675126254
0.031039327771357813
-0.014970713356215557
0.8540185078559515
0.24493587181041307
0.09796895017020407
0.9266122895053768
0.15642172436040527
0.13039047843311066
0.9379005535771403
0.2462866467438178
0.2265183153295061
0.7116936738104951
0.3125907578074346
0.14248145942947044
0.6826112610096746
0.3342679518569456
0.10192456725560554
0.712175700718443
0.10322281168882358
-0.03544193464132295
0.7679152290130179
0.04920926694037572
-0.022581173767808937
0.9041659362550983
0.1279656177561608
0.047630786672427816
0.7638917339347469
0.02969759363502305
0.009464310733035834
0.7557679196124218
-0.0005850020068497372
0.03321882940554695
0.5500619891862701
0.1242945108203677
0.11583196995008055
0.6199275498179231
0.12349811612871622
0.056105537264478485
0.6824266494689858
0.14574051991355624
0.1611162263836337
0.7735022856816123
0.15166623349037636
0.24314043012791448
0.8222739657551057
0.23029523619890435
0.28524702661643014
0.5069176572742662
-0.22033688519908162
-0.07606735774734465
0.8306100266523675
0.007999302208009604
0.108449117574515
0.7475215853862658
-0.09234956701132647
0.040571593502233216
0.8525321186707417
0.32644531247417236
0.4405123490172954
0.7986558375297126
0.45291083847204827
0.5350081234324836
0.8494482649512531
0.4760051719000419
0.38414476585808754
0.895793382128174
0.41769032922809674
0.45110209951304897
0.8987651317421528
0.4842554475825609
0.4951256479822483
0.8089410807634754
0.43857567939693065
0.5055822833792939
0.602646227221417
0.5411248404329972
0.39690523281961865
0.7404875687765627
0.5339816966441754
0.5915502420522638
0.8414000845030122
0.3736764908023158
0.3124277939665465
0.8956290690669955
0.40351365393199135
0.46400779818666016
0.8732315325164094
0.37961346704206533
0.3367305388315829
0.9806782790259443
0.3318763390899454
0.3237833069927445
0.9118773006064498
0.4366979293576536
0.312834920711517
0.7574893445027562
0.405053417130271
0.3459259403176794
0.8924760928077811
0.42000691193992323
0.3933953248170743
0.5939852713994693
0.269380730916638
0.22986626927034298
0.7738394236433015
0.3349818388968
0.5836924720447456
0.2076088722546381
0.013347691350266519
0.21583952360064715
0.612870342841781
0.39247342845598443
0.26467273342161735
0.6444666580561302
0.377878047503766
0.2952036776011579
0.5272819795664694
0.3790369231804621
0.28389336164418233
0.6189615632546257
0.43336379035727385
0.38381133231336273
0.49425618594559084
0.20894493938085967
0.053040509300787936
0.5237721630974292
0.2095726392227778
0.06588433003193708
0.6667359383573983
0.2689653655071372
0.32894043010625784
0.48062237937966457
0.19885747701914466
0.18413586982999433
0.23246406629484528
0.056910853460473546
0.053013505065041454
0.8306223325065922
-0.009222005355494944
0.10009199898880199
0.4784394104112355
-0.02820428834168776
-0.16416976108977205
0.47961718682405863
-0.24210981337638576
-0.37690653776063054
0.41546603045381014
-0.1623986487062506
-0.2743972283348623
0.681557326753866
-0.1700014477108281
-0.07910229739518455
0.7454642909470084
-0.008046208714225544
-0.05402582400250844
0.8363862789155141
-0.04337912744480104
-0.09373644269732212
0.1646168342954128
0.148542150735494
0.019528925603931224
0.31253465942112635
-0.10200310275741936
0.03550520597110411
0.4810040351057018
0.28511487976155814
0.31989443230053927
0.2348581325039879
0.08064388039948389
0.06275576878645989
0.550900169504128
0.3810031077884066
0.25064326243368706
0.380221100158601
0.17101388695069747
0.2120557627448873
0.15312391923504387
0.04988979626354714
0.52377681424763
0.37718604405923717
0.24045275085872564
0.3314221871921673
0.7080797788311357
0.4053189032043024
0.4432265361404402
0.46343438844147955
0.4188541735740331
0.4630454121849088
0.6541822996786439
0.4985580704842484
0.5496178752982814
0.630091363909389
0.4484300369870963
0.6092921074982237
0.5599184149671504
0.3293498817973389
0.40074666563295375
0.5804618852523622
0.20903672336277035
0.5343356818737985
0.17992801138024878
-0.18307839948120602
0.12039700137581513
0.2903624545667626
0.008401228018386248
0.30939425719185076
0.4698125971753693
0.14312420937969153
0.5357030974608457
0.4549433871657529
0.37933800613873525
0.46973954961496145
0.27207206668112227
0.24237201358513644
0.3425509522587853
0.30371924065600253
0.08401615391505537
0.453759479114512
0.4893940931254833
-0.022365900697832133
0.03877949331188055
0.1756897283948203
0.05621956790373271
0.1308071654406168
0.26089402469839057
0.12152666266865236
0.2717582124437477
0.43824824799745066
0.20536535184143984
0.35067398966463803
0.1909736231851775
0.2660871210779746
0.2848866646080479
0.2535663480327996
0.3014502738315016
0.14754878639965038
0.11047242652707993
0.14027256645612865
0.19573788862382607
0.38185124702578704
0.28325187306938704
0.1593653672797952
0.37803826430239584
0.5904041365058551
0.36343392061644086
0.3950708957797223
0.5619438099566745
0.18657878763606298
0.7427610096455222
0.2621520571454069
0.18786169216787568
0.8337192715290214
0.14109712199879382
0.4147672532716953
0.8566629101070993
0.3526441911271616
0.5791045956339251
0.7645834487157027
0.18815395905410948
0.5911215419719986
0.6406904228711747
0.44075842018904143
0.5607348865584063
0.9081492648790372
0.5790341155782444
0.742926896282982
0.8067637455709125
0.6417934769070199
0.6094207666227421
0.6352207475637182
0.313180347371351
0.6177533494979797
0.7387966614785004
0.12756505073796978
0.38512119421201285
0.9310565858148212
0.23999607783916876
0.6076349531038723
0.8612211251775289
0.39788444992952665
0.5506497121105858
0.472279406876316
0.7220623459240454
0.15205543132075633
0.2756148924200816
0.41680910135739374
0.11119320221562515
0.21831458816154437
0.4767929815350038
-0.1666987506762419
0.2604260063433505
0.3420401456695753
-0.0965774642521685
0.49999623122268505
0.6391319029857547
-0.038200198375923915
0.47342293986896633
0.6423954077525341
-0.03528461939136271
0.33849321497770574
0.6067085929619348
-0.08934821448581323
0.33640930430491367
0.5223802278181323
-0.11630104013912823
0.40219931847923507
0.46135508059243346
-0.29430362082573513
0.2159108224884399
0.4972811131288175
-0.2899730421168003
0.695137744839671
0.6849358350468067
-0.07345652701184555
0.6648446651932319
0.6356710496787761
0.07515501859163037
0.5587609063520178
0.7811251064593909
0.02891531332747884
0.37742064305783535
0.6615264420787419
-0.054030101397732795
0.4075361970566341
0.7220824731848206
0.10413335053189364
0.3470468535566775
0.6883703588240866
0.05275898888529597
0.0732542379060808
0.5609848473237724
0.001475511505466886
0.08078224003697491
0.661836817632374
0.28100027418509005
0.21355843577932976
0.5950228264797475
-0.12491095333170336
0.1791907200598086
0.6443192931068369
-0.11692330891353916
0.11972363781403281
0.6610895642855158
-0.09959842505428046
0.16690743950736034
0.6446753829472682
-0.06955447401738993
0.1532601984979531
0.6432189877506653
-0.06353327208765802
0.4530658782625677
0.8103215697131891
0.02339928065486637
0.46546177998197846
0.791496474349461
-0.05048750617852099
0.3230656285627979
0.7020809376622212
-0.06328550478845096
0.37917191867822164
0.7963140623783014
-0.06061945236065455
0.35359443362942045
0.622494730407147
-0.03378208970880084
0.40124208451345333
0.7279735103418672
-0.07160576106902086
0.27176307986956505
0.6377213709926353
-0.1667606484500627
0.15882885649515488
0.6766718254816545
-0.018309143014097362
0.4477423766370332
0.8779820077313265
0.2514445082094388
0.2362776339324534
0.8014305620383596
0.24997166866988646
0.3373613703066701
0.8482916538832406
0.1664724766143904
0.47165607405917676
0.9518300706751128
0.2784053485969882
0.5780701404279839
0.6909602822877497
-0.14530098554800225
0.6303253144040651
0.7515026264122693
0.008524316679157637
0.4515739399462152
0.6075260903898426
-0.1110562660348974
0.37961948397357526
0.5064292512201823
-0.15396285251566827
0.5152408843322138
0.5870033929601673
-0.20101203633452724
0.5360309774881903
0.5086706705845799
-0.11211234831472898
0.5917028795297654
0.43053320238798065
-0.13864103518919518
0.5968066638750694
0.47403018728326096
-0.04489405477630011
0.9054260879236818
0.8161694630447003
0.41308976533754704
0.6511424541471926
0.49647446529315453
-0.08181693225028995
0.8138039958938197
0.46883551730554107
0.06040991535228274
0.8208776883343791
0.36694780000694127
0.09766495700404099
0.6195368427265663
0.3400642230683313
-0.11612818329315558
0.9157747279925089
0.5460542811094498
0.006350080262329883
0.9156868666057972
0.6229844985565112
-0.015358443421507415
0.8112053923705298
0.6998756483726489
0.2915432688662133
0.8848442705579399
0.7326453203807765
0.23863437994192868
0.7801743552938711
0.5251178145602498
0.20753938412453354
0.8681978748376019
0.920122206976625
0.38042861275509154
0.5269671662346048
0.7057626305626359
0.2307474645736498
0.7752139745466308
0.9520031634993946
0.29039198040781755
0.8433725388681772
0.932571334633627
0.2685585916082997
0.5692492333718069
0.7017017157846965
-0.016087744385142228
0.7963609955348411
0.8912482608918242
0.06554612990072971
0.6946610821509013
0.9554017916464299
0.09287783692651061
0.734204466737932
0.7750747279878244
0.039878544709120556
0.7624453957487984
0.7485117001918418
0.053755470623941704
0.8014419321224501
0.8384717362017201
0.2754489701640075
0.8290083475975163
0.8315047422136006
0.11502984674679897
0.7989039620266125
0.7220032156400629
0.21828114963050704
0.8537725411460123
0.8717026545154238
0.3488185338079738
0.5007600221243802
0.35621674991118724
0.024884777088241668
0.8660156157076321
0.5651396000337245
0.21239512652072057
0.7433316637679495
0.5627912064065406
0.08258163198522633
0.924862500507792
0.7838961168834282
0.16152772185369754
0.8050032545461168
0.6747172799951189
0.22293004683413792
0.7442045962097084
0.6290240829105087
0.07472766783983266
0.8447511421904794
0.9154399965015556
0.23478787986354338
0.6819564931298887
0.4746274297428147
0.07766769294629688
0.7502249528484652
0.6048821925283842
0.348598842286486
0.9006301357214179
0.6728039124931051
0.32562968866506237
0.6151826149670022
0.3450446483150251
0.22743497914704836
0.8201064614749047
0.6102498349040355
0.38468868899156683
0.7373136724133611
0.7860624409682085
0.4244283564860422
0.9097876503486603
0.812356063880016
0.45161118217558976
0.27687585747208326
0.35182340695223346
0.058049780540927534
0.6087905348038268
0.42853841213975297
-0.024644161002380725
0.3592053646160229
0.4424028787765014
0.31135625704409475
0.32075664938413667
0.2892085094964198
0.16347152674525037
0.3728740052507538
0.3751800044263084
-0.19973841885910149
0.19451845420334746
0.10591037301203593
-0.39789614936132933
0.4794610678744218
0.472470371615886
-0.07146762799823984
0.745728879785833
0.45315131456697
-0.03013602353882901
0.4371473669957934
0.4911060271494475
0.09187783401869506
0.6516105879757828
0.5904997867399923
-0.0195929348722585
0.32895474563485827
0.5403079334150821
0.18687836448601816
0.5424423396431249
0.5580333315069437
0.09345076886144447
0.46800717285009513
0.6105270978159563
0.27855843867160457
0.4692722251142766
0.40074352782944067
0.14816913081704514
0.3598561956456444
0.3619482590607599
0.04078154286210205
0.578653218425391
0.5818364499921267
-0.1692441973560566
0.3468606842369924
0.5845971386630561
0.47953067297140944
0.396931448120157
0.38944105891369674
0.44875952299361554
0.3502153439690636
0.4507096155664738
0.6081525559777794
0.3553851818457262
0.7363734012084894
0.46155481532034415
0.30341292948319354
0.5522797883855364
0.3965640487559462
0.5069876878285232
0.47585674552093554
0.4622572767801342
0.3487779139033058
0.3951557443985899
0.29086881976916135
0.4809471647259504
0.31819746507097246
0.30586649945575817
0.5424227795097898
0.4948078845544312
0.3785771540690789
0.4018901359802971
0.3230673402915216
0.2297572632007973
0.6378042643999456
0.5115685002432342
0.41334858503984534
0.25175184347473367
0.24100690800811772
0.23158159533173167
0.4419620252464267
0.38665612806273864
0.27712603697671484
0.4535059603692767
0.3802244756597387
0.529108115275554
0.5816695857324099
0.5042547376804385
0.5557108494540879
0.5093687484255407
0.39181378377111675
0.5269198989382551
0.6851302459294761
0.48125787797203196
0.3154968888877705
0.5602695940334872
0.46487979258276646
0.13924536894556863
0.27263370758126615
0.43335385831543793
0.11292748523553472
0.21045435291915873
0.33956752900023945
0.005249881382851804
0.49144956357787795
0.553556792402571
0.20790965338961268
0.4564259335732292
0.6869927283882225
0.14363019030521615
0.2188786249951694
0.4259432381969347
0.08392419944067492
0.2975198789486422
0.44047067961105063
0.04202957580142464
0.8619608893150874
0.36308586961125666
0.32328053817719726
0.869896653045672
0.40079585924420746
0.23487968882184984
0.8974774269537527
0.45861599891913385
0.2152735565862574
0.8660413167890465
0.45214967842037934
0.16314926883090153
0.9406944017789494
0.496197696724204
0.2018210585186731
0.6432951957547208
0.2754545911269643
0.04831956349679782
0.7353498398704743
0.16420131367264257
0.12847700276990037
0.7338940771886635
0.2971759754361273
0.20516180525021668
0.8287647064771468
0.35626080145920164
0.3451397602442017
0.3955005554224577
0.32990171257702217
0.15127388040037779
0.5805311993989238
0.523873952131471
0.2241945614383403
0.4843075013709961
0.5399849451412155
0.20452319306294736
0.538012305035213
0.4294522306211974
0.28966680712953274
0.29201874162098135
0.31879676156579
0.07059071602018437
0.4480923062575422
0.502402914866149
0.31206251875078156
0.5185689152460093
0.38079946697068257
0.1515920490772046
0.4675451322611025
0.5029697687588872
0.1556537570953904
0.3389358365725851
0.5204264603763766
0.14133277399961997
0.589096429907046
0.28647168173730914
0.20412801281776677
0.44215514300534253
0.2672126398607837
0.08552872622662573
0.6900002140996048
0.601004995160053
0.5330988647392614
0.7364835269949197
0.6137732879695221
0.5162842140731854
0.6482985952164513
0.5001779639774653
0.37659844597954006
0.527308074771702
0.5333634227382872
0.3652278507895402
0.7634316369623626
0.6443434412709881
0.3853867686803927
0.895296478716691
0.7528478914569028
0.4511987559649218
0.8995654082205694
0.5952588507675614
0.451776513405416
0.8808410667604641
0.6438630802750934
0.5774584701203467
0.8437144787275668
0.6114259363745376
0.5764828611189733
0.6642919198429287
0.4152532991639809
0.3719185595746006
0.8099768268315891
0.5439572310580855
0.40819727111947945
0.6282516596326042
0.5300247986618998
0.33823964889212793
0.8481070417825187
0.651490579618891
0.27564329111217173
0.7048311332910328
0.5818189772473962
0.11673501419648483
0.6506204325774525
0.6507384601975432
0.17669879256449805
0.6907278557062131
0.6456240004121598
0.3273678561629747
0.6547896450117995
0.5925869956930669
0.311499399166857
0.5187671741829221
0.3349705289482358
-0.03286661561936347
0.749080555114591
0.5266862880118189
0.20165625359807418
0.876426377931889
0.6683798652776809
0.0903306483975676
0.7693823738105598
0.5675151291517258
0.11302690891737588
0.4554842892914898
0.36995420438492693
0.04516332841057169
0.3620241684584875
0.311326456673829
0.14030698964281607
0.6766864565980321
0.5344213125144595
0.27180662964443547
0.7279355628164765
0.3483191866795346
0.3994368487050023
0.40615718203048534
0.2235961277563488
0.2633943392461275
0.6222065158922593
0.5553365915798134
0.309798850090591
0.2693885257579218
0.27511007247151975
-0.023194833702252952
0.6610449840780293
0.5266598598891474
0.2934347506938672
0.5700735506150174
0.38173655465278167
0.397357273956357
0.5748515130425764
0.6280483412165125
0.1416806352753195
0.550360301452737
0.5688930936781385
0.2491557289377352
0.5491431406271842
0.5004448599942889
0.4915134074896105
0.5468225023441695
0.6467032568772867
0.4637656125160424
0.5315580838326505
0.577159407035436
0.46684634580329465
0.562622910898402
0.6851101924191808
0.459134834455426
0.5592547233735379
0.7519018724070227
0.382703361488709
0.47657715768580267
0.4332369429608578
0.2750326434332097
0.4579371612872505
0.6528990745257071
0.2639319410202532
0.33180470876081936
0.44454501514889255
0.17572870744712438
0.428410588052884
0.5248623557467798
0.32015812037134017
0.3543371315665932
0.5432465154266247
0.3011328745244015
0.3284206815157441
0.5700510717851811
0.2636383134371313
0.43453710578580673
0.8509045879933308
0.03548240134344412
0.6362884039730787
0.9114895279553568
0.3206855949810331
0.46573217343839635
0.8376184733872165
0.2320377228122494
0.5119638813902184
0.817766749627199
0.14735390509264512
0.7328129507400933
0.8588844746702453
0.2518405817213969
0.6992200226511085
0.9090576339221511
0.22530762386285563
0.466593079987923
0.7455982680706461
0.05104525172969527
0.37164859860947885
0.7597320865741278
0.049894912661662676
0.5436301002987348
0.7298678279908066
0.17541074272580398
0.5408852091872852
0.8551057681257725
0.22871719900037119
0.3873346306825809
0.6517088926363233
0.20476078902133485
0.7054456351462544
0.8090204159179089
0.22675923598206
0.5674650819789051
0.9494537445124653
0.22999214934874107
0.5268735631717556
0.914698295313616
0.3595153583992784
0.6201153218518236
0.8737905369759844
0.3813525947304127
0.446598790525713
0.6755620879161925
0.3080442880569863
0.506678593340576
0.523378169605138
0.22588453640976217
0.5299319840667471
0.5408086733638071
0.21235424516894272
0.4869254601750326
0.6492848305428258
0.38219935132102506
0.3379034417262132
0.5869193601730118
0.36861807472096203
0.5349189941391796
0.8682893628020375
0.45560607079353765
0.557973925219831
0.748710678516555
0.39139380474835017
0.33704582464450394
0.7845249808708713
0.38818747059946146
0.4927265585689047
0.7172044713476213
0.422625085030944
0.4665412461893351
0.7506223819827024
0.42809177857375724
0.3573633198303328
0.6819486334473078
0.47223860578920107
0.4620356745630166
0.7478524304052927
0.452776040264001
0.5745072354633085
0.7378900516142641
0.6392812666964671
0.5446663713278888
0.7959107816926936
0.5758048271599363
0.5692509179189644
0.8433682187781828
0.5767622000697463
0.546856861127414
0.773607434016996
0.5375151744347737
0.25931826224745236
0.7383691392956098
0.34300159194783497
0.2241039376111521
0.8928006934510393
0.33275415373603806
0.4767851036285534
0.8584853820395888
0.4565107688018685
0.41135812132474925
0.9577425332735717
0.40704117066024015
0.3055206550549138
0.8206665047826929
0.35158950829979807
0.1358201002438026
0.7010755854106281
0.19843173522978663
0.16468601191397528
0.5490102938604106
0.14524820517717585
0.1938385884148608
0.5380023368003788
0.4238064837691168
0.5757959695324606
0.7771214080807998
0.4647547084771766
0.5145767707856369
0.706512531757095
0.41904784064131967
0.32562615878974877
0.7345347411284402
0.2030104290814176
0.5127989491287883
0.3168697046366774
0.34841951880767513
0.6085118913968741
0.6823027666915176
0.7262884635647335
0.5434336778084697
0.5576434757008781
0.520564391022432
0.7241478899023756
0.6230515840690205
0.5726229825513962
0.5438038859522172
0.6093391148720236
0.38474769119257657
0.5895606337930235
0.8213273592577879
0.5672463099698122
0.4302979050534657
0.5341326440083947
0.4465499182995174
0.1956399259568049
0.3289253855550605
0.04810648268641634
0.2703341458207894
0.2215624354490292
0.07977980461989982
0.10465344082723652
0.15201573123596143
0.06536002075965361
0.25211947134825036
0.2980095699382227
0.1708238548311483
0.19686467915366576
0.2320529240841616
0.177479356434486
0.5079647901570746
0.23053775169365326
0.1937280668745038
0.22083663077906418
0.2908922727749311
0.11723895693064193
0.6165665110198106
0.5321815134448431
0.02673848311433121
0.5108573848539143
0.6389079737168974
0.17997413436134818
0.8571914591395516
0.8229889875885792
0.5234538689525727
0.7032439962988541
0.8019088097219073
0.7830957888287178
0.6458788668940958
0.8860430448901198
0.7446285369873757
0.7121901988797826
0.8771015141713394
0.7525150481350134
0.6654274341743524
0.8971934671196375
0.7896901764683293
0.6316866850511618
0.6963950483943473
0.7982238954362264
0.5412416059336019
0.7245375927249644
0.860100381369622
0.6016976593710253
0.7360995306515591
0.7026502389235609
0.5730255816211596
0.6950278616110397
0.644949667829984
0.534532150974059
0.7312761795905656
0.8064027905853217
0.6334759686290106
0.7340490220706735
0.8050168360329091
0.5698274243190227
0.5679685631414063
0.629680472015892
0.7217089389402547
0.5813202067546279
0.736522722786829
0.5787534551607632
0.5561773243858428
0.45581222774138386
0.4824507566635724
0.628115959209933
0.4689949420273455
0.43929958371716793
0.4552384636038579
0.38921715887836045
0.2800474853899736
0.4613187643168525
0.21747763157017264
0.2229085963064535
0.5305301766329734
0.09561875652631308
0.057378735011498296
0.40758934401274594
0.10015121976229899
0.0835027220326032
0.3900632434408403
0.08893515152072455
0.1894911298601872
0.552770229076493
0.2063924228098552
0.37589047817289656
0.7742412037411653
0.32757018564296925
0.04059890381695985
0.8529665532302657
0.05381305062882906
0.05400975220567698
0.5431829845673027
0.05858442800020798
0.06499478706247988
0.46529496757155353
0.03404777574693612
0.11295634077818273
0.620761336014172
0.07981786571206906
0.1422957593662233
0.30648058752091695
0.03360121182118123
0.15214633720512444
0.35023349177636637
0.05562402554643292
0.25845251625618043
0.34023223616513154
0.16227528211286693
0.037192926126454126
0.4304182384725148
0.07864804711710502
0.17279816162771744
0.5012155685734176
-0.029789388742356437
0.27320316150700463
0.5286017800486874
0.1531778681315472
0.41505450569791846
0.653008110778055
0.6605454554047175
0.4934966544216233
0.7179833008690141
0.7011064770164444
0.45916601232839516
0.733382495773818
0.7294029983124832
0.4638087727285819
0.7733025943525685
0.7187419278207974
0.4559535022336857
0.7984885937099782
0.6713160413076602
0.2513170812478682
0.5623222605866566
0.48058814148487494
0.23382525284151473
0.6290822939181708
0.47311381293485893
0.20519244874848497
0.5045956365581397
0.4754643365370254
0.2943246471502634
0.5344611383535287
0.48832869041211857
0.4737148081585237
0.7766121435715181
0.6091697759827799
0.4596707338886769
0.6181724659585526
0.5376089720743656
0.5465629111017536
0.7485772590982505
0.7517544436613545
0.6204415360047202
0.8562379972724865
0.7329833064986828
0.5596254356062818
0.7370123922690286
0.6861482864237252
0.4197244686145274
0.8707201825961015
0.6285111279785744
0.43703598214897976
0.8187911680250245
0.7862846753889586
0.14314442025291804
0.7249193368031197
0.6315069805107004
0.08360605478951529
0.5780116456462078
0.683926482036636
0.34394065160295584
0.720248067204119
0.5647880365802919
0.4275670503778769
0.833504833340401
0.5821755428214008
0.313707539037246
0.5717260554149832
0.4104029160733841
0.2939355065310695
0.45855714093664146
0.42066543599240036
0.19647670591535688
0.509519894901708
0.5169131775171459
0.2506368389866611
0.4480723834826751
0.5383119947067645
0.3339070617931623
0.5372707987121708
0.40497521981534135
0.5608163692192745
0.6222362256516702
0.5435911704632868
0.7081829360808576
0.7368560873682621
0.6012053926041517
0.4093952835743118
0.5480379860017407
0.3327422322481365
0.4732866272212658
0.6280244852184516
0.4640482274589375
0.5803439252627889
0.586231841424041
0.44074554427065843
0.3497644518233264
0.44805022796093424
0.3677414289715471
0.48558610034573657
0.4496447679543897
0.5527921098516306
0.37579032436963605
0.345306047415447
0.4819358217009752
0.3613280279761104
0.5059486719249195
0.6364877188015878
0.16809188801353092
0.5178592533900279
0.3643386864793696
-0.021186868881741573
0.4140054608426343
0.26577945383918833
0.10066229557782637
0.46882948839062283
0.13265608478738894
0.2255068992496872
0.464845558570706
0.21875039473026134
0.024620464427089907
0.3917763485682576
0.01632535699687401
0.23787286251424825
0.7026058259687235
0.3939490127066385
0.30099663954426803
0.8035354137776249
0.39904382054016324
0.29927202131260217
0.6990127307823883
0.41093054065014933
0.3768189080632316
0.8095972060159117
0.4190806339433068
0.17509389824854682
0.913080214448963
0.5739392617893624
-0.014732680051792381
0.7334640639644112
0.42179627511456497
-0.0446118510378148
0.5883858741735624
0.2705654526492186
0.030407470639645596
0.5889697743122629
0.22115851651901103
0.26017604598976674
0.44988068432887895
0.22476456936054043
0.2239014025680692
0.6112202327863284
0.13679915502792306
0.3309973983717186
0.6293516091897926
0.1997678905019484
0.09853891554488142
0.36048177150061333
-0.017245125769151076
0.05434631984611375
0.37104932688854986
0.09248949248308763
0.11944261272943994
0.20439888647205534
0.057857503398367406
0.11472991425142268
0.17329229391418938
0.10856720524470864
-0.0022510367127439746
0.04687535530916816
0.022052959513239295
0.12812024801259686
0.4361557123393343
0.2880840047139486
0.35315334092983636
0.5313636532865518
0.21605605477807235
-0.08984303664956853
0.507304081616321
0.3294710457533927
0.19605166195051815
0.5990108495087292
0.4464255687207873
0.3599647192927943
0.2542571891566643
-0.09188533423631601
0.2959245303731076
0.08324721621808195
0.12835517448594885
0.20421952320440942
0.10851871209801661
0.04909370547125606
-4.677570302653866e-06
-0.05415090407553018
-0.1329022118379072
0.10585359558674837
0.14622485202129493
-0.065597563812799
0.1436706164105808
0.2013532844326612
-0.1301858596817986
0.15047096160264636
0.14230066983398387
0.060912373613052226
0.08215271610435285
0.05260848510465324
-0.04098170754975847
-0.07595307955848755
-0.05601459769742817
-0.020772185771059624
-0.035861434346906904
-0.02398378606500578
-0.022466875719327775
0.07171012064545598
0.21006432295572347
0.07372693271273453
0.03674974998212939
0.20079112253869286
-0.08886343571839486
0.021664784888714494
-0.023023707968951028
0.03853827734486605
-0.028495026856964215
-0.00043532821613057743
-0.01685738147999605
-0.05797285630070091
-0.0512574300297631
-0.0517902031733654
-0.10461998723167781
-0.02397391737867661
-0.14469716334199179
0.034644281247005915
0.007237337037926532
-0.0034057761831883977
-0.007584729733375506
-0.038843147526213005
-0.01725729642256021
0.07341551138200507
0.026665658496486527
0.027877372763453187
-0.08249867382448156
0.010969860227115758
-0.11781727874180245
0.007882232248810735
0.056828564405427655
-0.019105667977094114
-0.05116611019717143
-0.06607838512367957
-0.08956716329311368
-0.051109616216209325
0.044550290120347086
-0.02215032334731722
0.10571892678588385
0.5951728066995124
0.7636125378171323
0.09612828295950573
0.4821627802152997
0.5952582986991756
0.0878742719872861
0.3906622244154768
0.45989333280289657
0.109923733432526
0.46512791165817624
0.6163972824790075
0.2244132265933212
0.5383810367331306
0.7382301679052448
0.18667511640105883
0.6776191131738201
0.9102827335985771
0.19593611628722626
0.552435611025354
0.6510100947343956
-0.195533828239177
0.5080756910948687
0.5390663506509521
0.23236256229354668
0.6286046421430918
0.5909072284498516
0.21650768674598483
0.683378020888729
0.7198243975425639
0.30191896787268024
0.7350371977134518
0.8338144951354602
0.09945543706748546
0.5562859075117297
0.6891343175091527
0.3119909299517367
0.47531188767018906
0.42641623584035837
0.1208198648973462
0.30495943500687717
0.5352619966006948
0.31597834372731526
0.3415007413475042
0.36771982537315334
0.3562960071249047
0.474127626434414
0.5039105483020495
0.1891841636658183
0.3517702003674913
0.32974545948459555
0.08085698947622028
0.33524258497279086
0.2991332008825379
0.30945577287615134
0.5781240497823681
0.8638885094768761
0.41621544546740985
0.7113748456499652
0.8371867475803871
0.3440309308252121
0.6443929849486467
0.85139555725789
0.39933030927959484
0.6990543155975462
0.9265017494674839
0.1833939186157482
0.3888842226224277
0.41534107568024514
0.40105662065719394
0.6622290876659283
0.7090370869297139
0.2916920790487875
0.6921980101112211
0.6877967718938274
0.4353439487573824
0.6085562003645009
0.7174955446724098
0.2922390200531172
0.5315440073941731
0.6909619765828097
0.30189358104341274
0.6554449414391708
0.7076794487609448
0.28302056083602956
0.6049127950491715
0.8116740909446167
0.2351604358573155
0.5223897268738165
0.7706612995849818
0.19424281243156666
0.5926083154165882
0.7044402192857486
0.047070182221152196
0.5839037069186725
0.6668900979141648
0.14808756904228454
0.8290742689195909
0.9638001420878018
0.09887260880195885
0.6359617296390894
0.7939503602640761
0.04479624710251538
0.8986499646081796
0.9277672908673931
-0.006954588587323188
0.7232383549094121
0.537791777524494
0.03901039846322085
0.584895037456169
0.6559587440786052
0.035273945490625395
0.6513224565891734
0.7631624011469771
0.3268452669021521
0.8772136769021316
0.7302736250826537
0.35403008917721024
0.7473535499128592
0.7001220804313506
0.3791972775029957
0.8866102334957804
0.9091247697189162
0.4799918617526434
0.8082843072690971
0.8896820662138669
0.23779590785148827
0.8389034683805361
0.8243457303756874
0.24471273269449167
0.8190048080592235
0.7557925957505378
0.09618915023274377
0.6134879623136803
0.6757557367201901
0.1912087762462551
0.8509860472036613
0.8300325364008956
0.052131149439182775
0.8051334345068777
0.7683798903090682
0.06031421759804549
0.8004820488023976
0.6445135512051126
0.20123553219703105
0.6929994687121612
0.6006127879462956
0.09437068244662333
0.7111923907538901
0.5695458946074481
0.23262818749237252
0.8231732886369924
0.8372641979809621
0.18656015417847727
0.7717052519551786
0.6005181795021736
0.23852897849454618
0.7827413766981257
0.7452625765420264
0.21055147258292317
0.7915310586304103
0.7552737370060139
0.4795766718280018
0.9805787919096217
0.7617351064244486
0.5488384802605946
0.9848878755316135
0.9089143510001465
0.35163807518583867
0.7781877077270596
0.7331123757373916
0.40365933761814327
0.956762669161672
0.7756785510079559
0.3767099442357449
0.7855019142174234
0.6122792545334559
0.541643655506326
0.8133462578061397
0.9277420002980489
0.34305417772624935
0.7439097042255807
0.8421722632896198
0.39043408960060055
0.7087909194612513
0.6667987478459303
0.2559471058179206
0.7430304171177788
0.49359519156268583
0.2491109025714719
0.6298559185938639
0.4995069408656912
0.6129191099399207
0.8214221516777379
0.8000509596452625
0.38600026704292734
0.6700265889647099
0.7554183778088518
0.4463812712595986
0.7198576774292589
0.7217492678023343
0.13643619400239343
0.6467923484052112
0.5479443090086336
0.1045162456811641
0.8901119391053083
0.7574669999044745
0.07331918524506689
0.8242262113085124
0.6979226877258815
0.04850614877968918
0.8333347758141965
0.5979517521721254
0.07230143298647071
0.7975165561785369
0.8351997838161649
0.05713887294755285
0.7338859769393486
0.8206557150862728
0.17761503631354922
0.6310771803661399
0.7721880805785823
-0.0065862164052051045
0.6573432469617692
0.7973599368799622
-0.00833191483620302
0.7606959645689934
0.6702190654777407
0.008558367308904066
0.8321550398692048
0.5870280702593467
0.12101642567961167
0.8349770822542095
0.6434345718242964
0.37385744288122463
0.6419419484403709
0.5244242382987305
0.34699608109009106
0.5558753731531374
0.6153948232338546
0.25999376190059936
0.6162070170252671
0.4124558113059862
0.20862880426099784
0.9409765015556332
0.7484979182001639
0.2856022398606904
0.6273985049238577
0.5392269828666441
0.5071081321812639
0.7691776643966138
0.6977511977749262
0.5226262122591355
0.6722864366459134
0.7290189520066652
0.5533027790843286
0.8399236086973743
0.8920561830786575
0.4769684554811475
0.7034114159641301
0.8799853134134956
0.6750156729912525
0.762133187305295
0.9147304684441336
0.5909053673403286
0.8666748805410576
0.8684007807190173
0.41972740644635986
0.7618317735495688
0.782846835615975
0.62419041249367
0.8879653950287679
0.7948595985120317
0.4294849726576298
0.6347798510161758
0.5698915147528466
0.32520772029298906
0.5931848560056421
0.45337244160845125
0.5386924143198601
0.7839798549829735
0.676586184049971
0.7379764684053987
0.8682572867791692
0.788116470720039
0.6509604210942443
0.8466815822564497
0.8256197770530724
0.5450776011277361
0.5074980145233029
0.5938693939537805
0.5090409501016934
0.35308321420679095
0.47559061891634163
0.8518379660548782
0.3193975969625078
0.42545544374769956
0.8694938424645984
0.5148085276047847
0.5109833380412647
0.6634813962234352
0.4492418156436941
0.532488536167514
0.9292108461097424
0.728069135911239
0.7482377737189552
0.6220875532254132
0.7591779266294483
0.4534338664987694
0.5740785630720417
0.9009301840067174
0.458574075296879
0.5339269340636148
0.5871624591855409
0.30990102610085946
0.36580130584177073
0.5087871366373549
0.24354086964215438
0.6492019095839249
0.7168922658337988
0.3776779678329383
0.5148244747067388
0.6823771143928943
0.48340472784586763
0.39908160602719345
0.5434588834323277
0.3738874986318059
0.7041736721547105
0.944445932481919
0.3334741511827761
0.7705708608407791
0.8959547709004215
0.3847265964052805
0.573877220581601
0.6953181213165096
0.27223077633201465
0.7409254054195052
0.7994885726376475
0.6780948951602832
0.8526265745296561
0.9451019329992698
0.7047565623917884
0.6812037094478423
0.688251147326167
0.5557872653970111
0.7010587844944477
0.6836447383033808
0.7168000015823295
0.8786840260419773
0.7367917578169902
0.6617896947472943
0.832183973119206
0.7638613224622868
0.6554370912199687
0.731307980804805
0.6885502871314262
0.48944674280227296
0.8080976724508865
0.6529760222271501
0.7134058625189705
0.9163251147826219
0.5882520177007027
0.616000661298464
0.8362430789022671
0.5715524242556675
0.5309025641340793
0.43924003491008057
0.4526013081861283
0.2848308293769777
0.37135045087885804
0.6655744932211016
0.5370559611399558
0.6035845230658083
0.8206080047223279
0.48975409796618596
0.5531650453016569
0.8603180829600219
0.41399846460333173
0.48195832180649867
0.946231556115155
0.4571251360060662
0.6168154771314636
0.9365911724389777
0.5253884879536359
0.7588210568025364
0.7681633960314249
0.5248130370578772
0.8416699460473203
0.9535057654967198
0.8445067341626851
0.4607827143266578
0.755425256546759
0.6558058241385075
0.5329560066955477
0.863667307961588
0.6838750729512235
0.4555346403315819
0.6775832947080094
0.4495712846651484
0.38235708886885034
0.9621987413039768
0.7659926506919824
0.34768795783597134
0.8753888135094661
0.6120569567876137
0.32057884781598955
0.8263170989587725
0.590858871548908
0.4346889901625177
0.8804314644396529
0.5983138047157381
0.19483217653121515
0.819863156951507
0.45833107926307315
0.2814509415395968
0.7985286389440127
0.5053453099214864
0.19819870830079805
0.753000537154072
0.5833668298160473
0.1717914872017805
0.7901263017234795
0.2860307584370495
0.027335677330932374
0.9047615647396916
0.34534716979063684
0.06812834369071814
0.8874069985665001
0.2491311507593262
0.09627327375607245
0.701571167434135
0.26453587622682173
0.02906148719898776
0.9254100594225835
0.18119812744738648
0.03244537211134785
0.9412621489368374
0.2990651833008958
0.029965431226178896
0.9216659429024624
0.23773313986716035
-0.14675673706831002
0.4780790974348167
0.27336390375256736
0.03576469613188576
0.8232922504965158
0.33885685344682737
0.12436990916318491
0.9026471308593333
0.4669566218814972
0.038260186274588485
0.8937682966140832
0.5324820041738962
-0.09976852714057795
0.66110932118339
0.31886474486298416
0.1758894715265667
0.904034756960082
0.599021818859721
0.04199514904636858
0.8998073140497468
0.6364879010766794
0.10194486478591012
0.8586906449057727
0.3713594030555111
0.03460237349930021
0.7600863640042544
0.40348809143659914
0.2748982090727117
0.854837323711875
0.4951694473500321
0.13496161954715902
0.6722277866228497
0.38821383440360857
0.28780508646671354
0.8961850261675688
0.46925052281235446
0.01791468939303827
0.6846238468290653
-0.0017469403030415456
0.25066939151605744
0.7547883601097798
0.03275870935471635
0.06728915899211674
0.6705507481871904
-0.11726338513306209
0.1495968941867209
0.8061472038267615
-0.045231771690643525
0.269153968790942
0.8086597616522759
0.16960951165976373
0.23698188814025678
0.9084726963455597
0.19420405752846218
-0.05691547033994021
0.7831206954856531
-0.03562106965613712
0.06678412271047648
0.6050649076782173
0.03141719218822162
0.06910851918310149
0.8254967979260059
-0.0615571214648242
0.03948951836449314
0.8404118773404234
0.06010025462643077
0.10258706216639522
0.708353863455391
0.1419729124172936
0.4443940390028377
0.9076735845135411
0.1474343862321182
0.2913574657622639
0.9340203391300115
0.18704341643074335
0.4027446430290602
0.8618367150017747
0.22422887700404048
0.299153507546691
0.7811389632813964
0.10504118139481888
0.29545361279758275
0.8568018820637946
0.156506735970681
0.30974604224147984
0.7011656172292715
0.2136331660365668
0.28628886721145363
0.5436957153331162
0.18289621800892494
0.3773318256579965
0.7829885391948572
0.27196752513035405
0.29020636589377485
0.7586226366045461
0.2822591038699379
0.0695429230118306
0.7737052414636512
0.2820855855659121
0.3433790522694206
0.742938458625737
0.2663910252858233
0.46395668426061554
0.7900155385092165
0.37690149879478824
0.4427138124683807
0.7938175955495954
0.3451807940998287
0.14789344158510745
0.9293910813065165
0.37123666336120625
0.03972672897790347
0.8175286190760902
0.29787709707721477
0.0726441018676049
0.6900226894216531
0.11212413467736436
0.13240010200216618
0.7054530187657919
0.1680175167185628
0.17368832450355504
0.8532260815011072
-0.028686634894836957
0.09848998190378921
0.9103599157828388
0.06514359066622712
0.13822676216377464
0.8391335772250648
0.05863136341401865
0.08825332756576168
0.7724146659603132
0.032498821481197565
0.021013273436571618
0.8708831228275467
0.042879973802330405
0.042722455126032836
0.8624050937705947
0.19348662685835094
0.2739428860382077
0.9536989681352696
0.39073051327966424
0.20394703207261694
0.9040582763228879
0.40313474707264474
0.3502194158182963
0.8580828801867455
0.4185171241809629
0.1916032774291745
0.6838106625191684
0.3312639266170871
0.14211684200952215
0.8404512655327828
0.3581815653687488
0.3336600650429684
0.7522238949893717
0.5632796362151212
0.14971603732110886
0.6863107311338812
0.44402632744559123
0.28534696992275876
0.6172342789697501
0.45341194982036215
0.8118184253606895
0.897348926381637
0.6274766795858513
0.5012014665350066
0.767490760694661
0.5699730285991366
0.3450777128260094
0.782805200608358
0.42677479708384114
0.5446948241235277
0.7128403463245623
0.3764671363983861
0.6433374797455733
0.9136797882077382
0.3423694173760933
0.27743909841420694
0.7547552348418838
0.5712606611596796
0.06122255026332856
0.6845205887040321
0.5598538366562322
0.09706689653644623
0.7502435701673589
0.6023193112095562
-0.016434252450582117
0.7177029477435786
0.40442081925606077
0.2704261261563934
0.8395823936449084
0.7617834316296336
0.1321182770070039
0.7604111436082264
0.6094436281274254
0.2964828219060385
0.8111161970676222
0.50610946515878
0.2489069723011485
0.9418241223680119
0.6467455834552099
0.25138650652714356
0.734301001256104
0.6173206638247074
0.2858022325682872
0.6821613173626266
0.5269167577602827
0.4150273070448279
0.8202113973454692
0.4676089121789969
0.34340340675026704
0.7183606593611573
0.4999946348522577
0.5219227358706985
0.9248512333505892
0.4974969959805614
0.37218568214790343
0.6931823690415017
0.34552566393168416
0.4611396058700441
0.759685581374681
0.4864731929479505
0.1774146491078108
0.7106329364413463
0.34616018445592694
0.5847346306262053
0.9223754079709503
0.5181100760917448
0.376939815164709
0.7912088717909977
0.45122551409227296
