0.10411981903891566
0.09221879797854163
0.3956974223487749
-0.059756586233001605
0.02365967181877484
0.36110445582292217
-0.04828925064502357
0.1858209598079138
0.2581034203369389
0.25638346189345274
0.2627198071616107
0.569633934865514
0.43856107313429427
0.44999799617278424
0.7455326037014753
-0.041103543737561254
0.43273571164210334
0.7179739625997025
0.09928648829449155
0.37509391946814585
0.2840979733456577
0.23972640654398555
0.2890469712123633
0.24449272554896984
0.21413398306774378
0.5715824519167784
0.7300980910178918
0.3095483300404978
0.5064821585623569
0.561461343373524
0.09747672872031718
0.3978106185591793
0.48153758397117097
0.3340496979162046
0.5718729634652613
0.7042232267008148
0.26984104126441477
0.5931489164346453
0.6398878049602015
0.11252855201610995
0.3294208082466232
0.3730422844592666
0.0841730558872635
0.4044895287945129
0.4249782598068534
0.06961743487380724
0.38917887820414027
0.3752174215506304
0.0926650905915619
0.2754503343949636
0.44366534791338746
0.18892454812903167
0.4400126811720889
0.5970595747274638
0.525526582029051
0.7220005533184777
0.7357914931699214
0.38704183852155305
0.539827326530405
0.4940353124976691
0.3575691153736017
0.6941431579816066
0.6596693964615545
0.470124605219459
0.7408494571913145
0.7049354127908058
0.3965367722344896
0.6511258484226252
0.6833504581890908
0.13801196750889355
0.5235080576490401
0.6336927704851829
0.10156337876559815
0.5452482240042251
0.8141691084654823
0.3455247454163196
0.41400799896028306
0.7658718058694313
0.06201385573990202
0.35410914723251313
0.5565272948303737
0.2631503560684189
0.6542247175636718
0.8014500040715052
0.13397138583807275
0.46219784117726825
0.656398921940019
0.18590868437453137
0.511495151004073
0.7280438457003505
0.1857375435343993
0.5320653164672031
0.7240893371260213
0.2131635565832961
0.6514923414496062
0.7125125462429938
0.2628686999139284
0.5924671074681745
0.7553947182368868
0.2201827445403141
0.4559155732816506
0.6757093103880192
0.2567154530712271
0.5569473504923442
0.6167287858827937
0.27738122643493446
0.5311729268756804
0.699500320256683
0.367012227530635
0.6579006965159049
0.7167737159723411
0.3911563633298326
0.6465394274207172
0.7337975253538727
0.4101700591835461
0.7083952888506342
0.7518041324258009
0.2816293157517453
0.6819856550924237
0.7045028315621185
0.28162714460110005
0.5893665996550647
0.7096830847351621
0.31606498959922047
0.6707170453272211
0.7747084931154311
0.15127771933980472
0.5898491048400343
0.7480064432160332
0.11426809933151093
0.5586624981615045
0.7877124519679963
0.13191975214847684
0.5308545108561283
0.6291106611084998
0.23549619353758558
0.492252026148429
0.6360661813894293
0.36319331773579
0.645395712155182
0.7940583071369591
0.13578193521188098
0.5179572544173776
0.746730800870959
0.2483269414527225
0.49171130795992257
0.8401173770148078
0.3638391962542845
0.6641199261090545
0.804169299841883
0.21254485417919333
0.6826602033328864
0.8439338898100059
0.18590380228839812
0.5848350400242783
0.7645359427488467
0.1585577120717341
0.4694922236068674
0.6414803690228713
0.1846993956218364
0.5356401039787166
0.7028407539625339
0.3019145509559297
0.6021520253625682
0.7360121467672738
0.05703836544230825
0.612087608371529
0.44739748056117845
0.16962385500820676
0.2580939912880659
0.54100583167963
0.22725255316327309
0.26656076399983364
0.38763909082744574
0.07132394600345686
0.5020202611471017
0.7080177151937744
0.0003571706597542412
0.31127604468421166
0.5619953749196427
-0.13890891677302916
0.4487597428497523
0.577202668888321
0.1429545766148867
0.516030592168466
0.511474878160515
0.20597789515267323
0.5681655093549576
0.7059431610639252
0.25420197197203537
0.6768789055464837
0.7617834301023787
0.31279840714884743
0.6488862840928431
0.8066015762921532
-0.10256867255902405
0.20739917522066442
0.45144767691469523
-0.010608572222828256
0.4352859370808823
0.5100666483377054
0.08488611670813345
0.48822941287834853
0.7358606008520379
0.20334993102337043
0.6385765516816879
0.8043608463879579
0.08807969088135219
0.6172880766092806
0.7240370552816023
0.21033660106380608
0.7579021998162505
0.827810791562109
0.1573601526521579
0.6868425043009155
0.45969418782159716
0.29671947299540385
0.4485639850343831
0.6254077001438627
0.217723115151563
0.5316172840822182
0.45965006718167845
0.14887947958216913
0.6238707201728408
0.8070583720387261
0.06864556870038004
0.7050929305960132
0.8924064910842854
0.05612936175692158
0.6773371438078815
0.7873127226533236
0.020141940802188077
0.7166405011664381
0.7822301063196464
0.052845704331150316
0.657300372870441
0.8094836808171124
0.07754979495393247
0.7085270503935004
0.8320070938491646
0.17418916160186063
0.6510068311764743
0.8443857583183011
0.14597858510234926
0.5673651561019779
0.8083518343105317
0.2171809146747375
0.7366925073898263
0.9220229876827559
0.18772510379143276
0.5604291104157094
0.5529007304081492
0.3376645994892715
0.7603447792810961
0.8211391514653451
0.23917881161021506
0.645635334916725
0.6945384554257417
0.18066122969848997
0.6277475900324647
0.7006487029731014
0.2961116609255556
0.6674455391060082
0.7730796552063841
0.32768404432361614
0.8157843452730837
0.9250457597988102
0.2462075895892162
0.8175197730585803
0.8856784781173564
0.055873450221605496
0.6144910975973771
0.47572295124152053
0.2932292239862721
0.8141144580521225
0.8565875325891004
0.33096443083858174
0.8934035685411252
0.8930636383489041
0.44121020287230006
0.835929132515622
0.8776398224929172
0.28113861792577577
0.8062291340608168
0.7782090165500801
0.18553673586528563
0.8737616608174461
0.8758142301837739
0.3306912588077666
0.863496530995412
0.7744677274711256
0.23504347460100425
0.8398441152585424
0.8251832321283614
0.3774607163737126
0.8981534192809956
0.879774172691026
-0.02660192608199404
0.2617154039320836
0.5221424450553911
-0.17894837600720387
0.13183369388643512
0.3665174071977903
-0.2309065128169357
0.18559270666580913
0.3221010018438112
-0.05387790961619052
0.27095746750994343
0.5619488599668881
-0.028865194271543767
0.3499827255691211
0.436709929510827
0.07453156421980453
0.3246924667985319
0.4625246363012017
0.11413520691743173
0.42542987009301203
0.6008154672004176
0.08454477740464063
0.8306129823870001
0.763821724023795
0.13233892999378133
0.9131868625397963
0.7778338044174626
0.04089160857212139
0.9596081266166461
0.6484764836489294
0.15858587765502258
0.691001372036574
0.6401470417691899
0.14050093937751956
0.6465026788806832
0.5479561222207369
0.07543646414220546
0.5567227066989968
0.5435410490216824
0.11830304849669021
0.4697149118123216
0.4906568791499958
0.04868638353080107
0.560648263344862
0.6785983444262602
0.10167677729542507
0.5418433060189247
0.7113581530752837
0.0615821081027249
0.4904500265843662
0.6948236395803589
0.17253537575243827
0.5938105831313931
0.6251560964360982
0.037805973438823526
0.5840033656200807
0.5397396346678399
0.07214582291844651
0.6698679997999073
0.7527389900502013
0.09972179413621235
0.6675054037156261
0.6569369384892786
0.23969856661092903
0.4963066529788086
0.5335790966618958
0.14125770210523358
0.49883476630471324
0.4598329261637192
0.19925212728460956
0.6197541113409186
0.46928690748816426
0.14327976685934832
0.8627348880963094
0.5139475203655185
0.43392943573252374
0.7347209637074608
0.6612460322794844
0.3542658102016632
0.87856401395944
0.6849719848040199
0.04183013394930542
0.6705061732756924
0.7525033014034448
0.0522893742802831
0.46883585838398434
0.5206050348436806
0.05889619385946692
0.6656587931815796
0.47702391200959826
0.0794763496721132
0.4110354101425246
0.5685199871749235
-0.05116707364185795
0.5146353720675022
0.705126604548312
0.04723822772757318
0.5545144648248548
0.713622071902261
0.07936314779194345
0.6580181040629498
0.9071890357620664
0.013762901852205543
0.6103887211640371
0.7023790313583922
0.1939775384412502
0.578858515629182
0.6262286197542449
0.07158586474168602
0.4850591130125248
0.651823549906442
0.023770091231135534
0.6261889222503854
0.6616311270214458
0.2441039750591165
0.6535356790911702
0.6872579276944637
0.21524470238614754
0.6591123548983162
0.6338470576047008
0.0466858071385739
0.5148164640653223
0.4192455050263776
0.06005094880255791
0.6029593067127632
0.5423091938167302
0.01111404850832592
0.8233333951589772
0.678009004480677
0.1712942708134894
0.8856292952149833
0.8791402266533297
0.1533487126238014
0.9058209925113159
0.8082231843597849
0.03371579775837578
0.7983646050846718
0.6937278502526143
0.09030199993207307
0.680681213300903
0.6131284173010092
0.2056016742901061
0.8406861377971238
0.7898946138770712
0.20240823236565625
0.7003974210971791
0.5970319501910788
0.07003011924792932
0.33648151872717025
0.2554790316378275
0.1992060585605654
0.31465890272398567
0.3979133514247246
0.2640994149524492
0.5854635677204931
0.41235369765433555
0.30332563602713514
0.7834921466432725
0.596536330424387
0.2255801537859549
0.5875910858439994
0.4095337634663209
0.027704697665731158
0.5908054520388049
0.4228037744880927
0.005385756007487745
0.43178937868433376
0.3479695779280646
0.2920246377360044
0.5972752696875401
0.6100415646208601
0.054745883379033286
0.4790762741907346
0.3192669783298886
0.12682552631854738
0.43079281526042246
0.38458281774600167
0.18808413016400202
0.5375848170322155
0.4282830757478988
0.1545324217460882
0.48963251967470045
0.43345264343975765
0.16860750433990507
0.6547716322032924
0.45663601791391384
0.115298635046329
0.4220410970883513
0.2558528467233767
0.34109957797989343
0.5035483628700974
0.4870966865537599
0.23043651183248562
0.4357580612799139
0.3662234623942902
0.3923888136815866
0.600725744486458
0.6105304815171924
0.2622923832409312
0.4819525739665368
0.4396713823674179
0.38050958636217824
0.6694936329006842
0.587684190506746
0.2277711797687569
0.42776016099339653
0.5038732179078289
0.2264927944763192
0.5240010267552054
0.6571206377044321
0.20905503683293053
0.5161615590225486
0.4467543349417773
0.2449006548642476
0.6070633794614838
0.5784158082329488
0.36593703929740207
0.6030037545521887
0.6341691075183812
0.18419475693631926
0.4877343258972701
0.46049717381648264
0.09330132220979737
0.5762904465471549
0.19393552356364363
-0.02373304181837214
0.2595496921725931
0.27128338446517186
0.05690707144459097
0.1975623582176028
0.28239507472660164
0.08241495883522008
0.34611923631744235
0.19565111536778015
0.09642725663008646
0.3992344051729466
0.4278622237754019
-0.07320255644512781
0.2935336869783389
0.3893391507051046
0.14680330698462585
0.530626557700592
0.6413812012061468
0.18241118427165148
0.4810180204035222
0.5882119047206078
0.15839851491008933
0.5470627038581503
0.45886432838816205
0.069353419620682
0.4058641661794088
0.37481542945798063
0.24042328440326244
0.4155030443983617
0.4247673564399023
0.30802341510646
0.5559386550379339
0.4917962802243304
0.37631643137725845
0.44452841977888696
0.4906928971889014
0.5507997486400202
0.8489099795391096
0.7304581949091904
0.14038872187785395
-0.012357185540066524
0.3867838323990008
0.18950681212258336
0.30009606351867973
0.4094456496265858
0.13478905763629365
0.324894771621523
0.3653001290455299
-0.12285523983496321
0.06407957347046855
0.4244899843053608
-0.08260316603425122
-0.07418631368146918
0.31882053118866954
0.04525323475799011
0.15983575185562773
0.22958470876772308
0.000382379501547769
0.10055666025736812
0.2773856856945133
0.11948233522508844
0.31469883561476514
0.6718887066512438
-0.15259793129578852
0.5379689007107717
0.6942838521674997
-0.38029695194819224
0.2122608547560364
0.3976994217563224
-0.37928312223563176
0.09746551600797432
0.4331146500353751
-0.02543433939528175
0.40739751309902517
0.6756565831514142
0.019950371032881067
0.12483764092481268
0.5064620670300526
0.10892572855255066
0.4457567058142233
0.6654872754741515
0.11920027476494083
0.31573119845083386
0.5268200334248524
0.28199647958698837
0.43565417862897726
0.7378095820147914
0.18376782114157347
0.48508007214409876
0.7812148306761899
-0.06850413374453738
0.49654304133576876
0.26172345716652323
0.005718802576976462
0.4849423221781665
0.1611449378159746
0.10575659394584229
0.44114798412879486
0.4580856059736292
0.2927697341621735
0.41996228887627407
0.3135188637658228
0.2479123996677972
0.5258570173898138
0.7326207984520856
0.21212811904955933
0.5018354345924856
0.6985827425571575
0.17939020123121063
0.43652234812985446
0.6791068559680794
0.17312188577058849
0.6178890793786003
0.9095396122683999
0.06581087883629998
0.3036667432810675
0.7953519362537798
0.16584788448618132
0.43138691296768217
0.9101284007162489
0.17784728978518882
0.3662659050595962
0.9029576213968555
0.08500992572575916
0.40752176170385557
0.8026489997442573
0.14059244373844487
0.3701112331212102
0.7306502615329206
0.13845480647240793
0.30022172175745143
0.5568315001977194
0.18193207492949853
0.5353477606551625
0.8380213737654253
0.11940296641224199
0.5080656725194835
0.8010461697177603
0.06725732943330899
0.4937140401334742
0.8861634375124667
0.03233659817450975
0.35853848578523884
0.6800245806104622
0.04945537685289268
0.4075515237209072
0.7657467988522604
0.006549824075763466
0.45515614819285444
0.830274959045395
0.01903360936494932
0.4182636693205226
0.9327892206643826
0.06457234511973323
0.39929316005255033
0.6848115382371076
-0.06251184545385849
0.22012761048430812
0.6661887247057096
0.15046245659042093
0.4553602521710306
0.7448974593414455
0.24082804147823222
0.5119920487058214
0.6736886483505481
0.31476702627706726
0.6362732836381125
0.8604727586067498
0.2672398305985167
0.6017716058284968
0.7367079982955007
0.18251125899923581
0.7281036596707517
0.8890356487141908
0.023351034694467282
0.22874793151265427
0.6379073476532344
0.14325046993085666
0.20778924603105098
0.42107507969386715
0.05127013087880282
0.26186330093224797
0.7255892217183159
-0.15290869191405995
0.22247878727400977
0.6054190998700248
0.07069928687944942
0.5193534409787615
0.6387300493622894
0.20718093145982328
0.4361605528207845
0.6991959479087987
0.28821997675482225
0.6084800049933267
0.8426733718040116
0.1326317793457089
0.603673465581426
0.8502233756789574
0.01184689136191598
0.5579220970617842
0.9014004279436483
-0.005816941256464002
0.548012707037911
0.8019417737977697
0.02343499475839194
0.5227188174301909
0.7196929632057827
0.14920544614947193
0.48748593883014235
0.7628096089100681
0.10506722193140186
0.5529929469696773
0.7766599553864648
0.08078268791947861
0.6007886224330223
0.7990571401895165
0.1697215649424647
0.5794337198286942
0.7496033134823172
0.09561448538346443
0.5669097249729925
0.8049550702137175
0.08792920278423628
0.40606005857911465
0.6423277963196492
0.1671046996426524
0.44142288844901967
0.7389145452856736
0.12697760031963126
0.496291005284478
0.8042319821401367
0.2439755149271969
0.43982647447448103
0.6813422438736876
0.26727343307808454
0.4430361383078705
0.6232959395869366
0.21824811034618818
0.5142691268313481
0.7386540940876072
0.24144222417220756
0.4817043883982389
0.8392467424439203
0.23125638544249527
0.49407284631703374
0.7597777935483578
0.13403566226520414
0.4457190164189423
0.6943514481943701
0.16801526081188906
0.4908115711571173
0.7608302540898482
0.1809813661936392
0.4744860488821521
0.9366225667767436
0.02314529746337044
0.3928781849036711
0.8979074942852969
0.09205819543004604
0.43554444544831655
0.9175418901247319
0.2111549785591427
0.5028722412710035
0.8678880654306023
0.05824374645067604
0.27908051894722263
0.37470788054284065
0.3389796369782078
0.38100614737784655
0.7256681772111786
0.18370042902621506
0.4281318623810778
0.7395235806634128
0.04640519639782431
0.3746844364151797
0.47941638455876484
0.19012721548585182
0.5516379599065282
0.7648292398719374
0.013401083350318563
0.3517995126358533
0.8437178889940248
0.018092320234990272
0.3183917897705969
0.6160271167684072
0.19702495199305892
0.48628773405521636
0.6965588007811221
0.1216212327908511
0.4257245105910437
0.691092989077735
0.10393124199926414
0.35384905501049824
0.6405758824704919
0.21393059584110777
0.4043412691448621
0.6131667111069938
0.3016122626258506
0.47029402512337604
0.6928951455261996
0.27849158011817743
0.3538608407007762
0.6237919852353515
0.20696249501022077
0.2716771729922506
0.5934013689570277
0.07369124784917619
0.3320041210949098
0.7603920836593747
0.09752185696974137
0.20689012999572387
0.6889823185817747
0.11114145152489209
0.3570998307211193
0.8707168099329878
0.21191412472990734
0.2181307152798907
0.7583653161957014
0.16871867163679688
0.369464256959718
0.6300252479366071
0.18405320313819232
0.3838072613474629
0.8438590159427953
0.06201324943262798
0.40281964438746354
0.905779466730314
0.09429225355095844
0.4323541052114186
0.9065801467949206
0.004529500409595151
0.3074949010460628
0.7827668617653125
0.03773803379363517
0.3293140217436152
0.7540824267732851
0.19382700517155993
0.3650800774367119
0.7706149131739418
0.09854881658472345
0.44048575725128747
0.8725392080325642
-0.003768168259830819
0.1815022564013803
0.6284788897613032
-0.0627260595190964
0.09735145123969115
0.4152806798867721
-0.020502834473645024
0.41781216258128495
0.6579106484054851
0.02256029460099441
0.11127669247394056
0.4380315785136792
-0.008369771838149123
0.16688226412130683
0.5972115730680243
0.0629392633760505
0.3718940288077146
0.6231260942705972
0.10293207275465233
0.33420874933290096
0.6785878114127601
0.021035480626338945
0.38911369938947765
0.6810693526103696
-0.04811106893536135
0.3535940658766066
0.7469483583218912
0.0704015090956111
0.41006543997813527
0.7491437252533855
0.04097125489085199
0.43194906008462974
0.7902376358631665
0.061886840279925574
0.550163193222788
0.9269931607947379
0.22267017637670522
0.384186992230827
0.757583740187583
0.11435798856206053
0.29284777137641727
0.5984585493588354
0.07261021971074724
0.36484718033725316
0.5900830764965037
0.1839767908107668
0.5042224536077643
0.7515037415694001
0.1117885375769038
0.41421657154345
0.6804615651669985
0.09362964218771397
0.32696365435447144
0.6633314634498262
0.06354306612071106
0.2792999314390998
0.693297628846389
0.02373198218421177
0.18495473305062987
0.5605037621552447
0.09849355341161746
0.2190727136996795
0.6135023835373351
0.060510221377068456
0.28035423983015934
0.6860100722381206
0.05336821405887109
0.3946490774653416
0.7911082234140467
0.0777521416083878
0.2795251581883687
0.7335464198505797
0.020815304102976624
0.38009279622593584
0.6017877847881421
-0.0579058612565707
0.2534473236809328
0.6198468692583841
0.08020368296166869
0.3280255779542229
0.6702878978438561
0.08203232671545171
0.298439300497473
0.6890954391193236
0.11479974839319923
0.34172983288043846
0.6372305181510013
0.08458839337060498
0.2938869110494575
0.7136645391575336
0.07741372028946464
0.2145576801441225
0.680323985689637
0.05193531639261024
0.29332737375775425
0.6351050855629368
0.06873373225242775
0.3085292444206696
0.5614804595283915
0.051452603930438004
0.2872345081466671
0.6411243724935385
0.005520119901979398
0.25195835115980897
0.5713069292868278
-0.017701706643930882
0.16849058369007508
0.5174364680373141
-0.0311358819649269
0.12002138072496005
0.49744253428697843
0.041971059526161654
0.20697417240410051
0.5131183051567989
0.051621917597341554
0.2373435941691312
0.5800273645691494
0.02851856101876054
0.22285700912511147
0.5733658016924035
-7.751291670715643e-05
0.1327202497855997
0.6709455167670393
0.02452023721552916
0.21548776843984174
0.6345438777612381
0.05251417918558822
0.23257286024566484
0.6902117932967411
0.05355687015759318
0.2742169168906733
0.7672790303328307
0.08455446950189024
0.3175025331161545
0.778551013885761
0.13704585869167893
0.289565659888291
0.8071998508968261
0.12157830523697571
0.3141726273460477
0.6188352631782175
0.03416415271540346
0.220225099613158
0.699146997863154
0.04807577566906889
0.24606990800873063
0.782793630692593
-0.007689311616918208
0.20759476379840436
0.5638651230645602
0.005746407851352852
0.10911543164950147
0.4896764290598068
-0.06998627167616961
0.1351074601899216
0.492201125193835
-0.08214867255632533
0.20139302130215958
0.5142596645748558
0.0715558802732901
0.2593894405239112
0.7145680600300459
0.08579084936610674
0.3304808394354031
0.7487108666301321
-0.044675108168250835
0.1200481762502439
0.6207430064347375
0.11164896972477407
0.3436393631075999
0.6666201295719119
0.06533968780822041
0.24928962731776289
0.562747215376976
0.004602646950945867
0.16393964852079812
0.6187623239683419
0.21277000836515342
0.34659461901895827
0.5871521587307484
-0.033544842373683735
0.16983308066483638
0.30419537441639943
0.06286605984711037
0.11110759658282374
0.3567452105131634
0.046384536522847214
0.19216351136951293
0.3708844249958405
0.29033717450375923
0.3790205855560359
0.5540354523642175
0.000258566642284061
0.40296248037854865
0.4325483530181646
0.08782593254810017
0.3627013105518451
0.5601470972803689
0.39387693381702055
0.6092495668948177
0.746316910503853
0.3300829051805571
0.4742573128033841
0.6481621190309119
0.07001222215369246
0.2860628794674235
0.5387970526161994
0.21611563540904732
0.270306006779046
0.5006924236520012
0.13197697166931055
0.3594522349841563
0.6729517142846062
0.2697927974587817
0.3287541836754208
0.7732667627520453
0.25779749417964215
0.3584986794268519
0.7388335019575973
0.14063597027370744
0.2833573487240202
0.628930891193366
0.15741828513701267
0.3592754436612994
0.7093945730556466
0.04972110270596507
0.3783997672847613
0.648996876631233
0.19855463486004105
0.353885424369213
0.7149731767762849
0.07044720536949557
0.46323807574061365
0.7856801389264865
0.08685401069127867
0.36774848554135775
0.6222902055139289
0.14447330801843367
0.5385137267222695
0.8449790647710766
0.09991406620028542
0.39518938912677226
0.836211579250921
0.1553736404907877
0.47838280938994626
0.8602321662561474
0.167890878796072
0.3305534130370644
0.8314291038442938
0.23434023512185864
0.3532630190961732
0.7458141862923877
0.12026660561884125
0.3300802625464694
0.6430900118645406
0.12475935176920808
0.2173483723887967
0.6694064708095946
0.1526390830159095
0.44179847185546806
0.7208420399086821
0.1742834842151409
0.40293857365470687
0.829132881409939
0.10650009800668411
0.4514518720329741
0.9487425695455658
0.02950086403664752
0.28325086555543655
0.6898111197492782
-0.04407631926136883
0.21769694980178136
0.5866735296424795
-0.10961226335019622
0.00976048431129263
0.647507849309815
0.10764758437919035
0.09177720338444702
0.4487308123325432
-0.09036585943647449
0.02616141937323865
0.4764803740990413
0.021201593683379465
0.21567451053232178
0.6394873363474807
0.04982699036269461
0.22659703038730572
0.7702834263721519
0.10529160630762863
0.2536412346004248
0.7946519278287233
-0.052626681409486425
0.02916334122037998
0.7140969250623124
0.15774438519471506
0.21490949488314492
0.7638359933502219
-0.13002302899670304
0.07326411704590033
0.7802794489185745
-0.12894288560315387
0.027829640546352084
0.746104551194814
-0.0012735687884097512
0.0578841984996729
0.8331453371393205
-0.014397948478687687
0.1987466883219331
0.8112826968416316
-0.07534115861906393
0.10567978950113657
0.5451296460391698
0.03534843781824338
0.20994348737661278
0.752943334137266
0.030399917410247508
0.09160346241506453
0.7507590435364833
0.058360940915125045
0.12373197046455184
0.7902753930919362
0.08267596451630366
0.2157796026128423
0.6894867765425718
0.06394617584270447
0.1716836473387385
0.7195525380455902
-0.01785219995698169
0.2559355216076056
0.8820150671443268
0.051139569585693045
0.1556478108324555
0.843205743175367
-0.000832231028637366
0.22315657734373778
0.7629491223520547
0.0011059294857955404
0.2875766793406984
0.8285421802014654
0.004434516507712781
0.21031353122514712
0.8917926051934635
0.07949785122079196
0.22167096362434957
0.7332605551037301
0.04901659303854715
0.1876104679107885
0.7043784259608339
0.1252702126338644
0.06099827679512142
0.6468687942702916
0.10372280699500111
0.05589246334685444
0.8122745947136023
0.008199030367060989
-0.08908437160371008
0.7278885382993312
-0.014918179684462686
0.0348945518847789
0.7881896446350979
0.016146980752012194
-0.009518530340118306
0.5236572339156943
0.04354582082122299
0.09663893292144901
0.674176249021048
0.1254084352338524
0.0842211444896813
0.5361564158695896
0.015561926750744817
0.14140249371209537
0.677794484071804
0.0077661340310659355
-0.005613094286750026
0.6345569732700761
0.23036374907617302
0.22359132141414123
0.6453728783569734
0.0548206908462098
0.05498366705023549
0.3752281094383676
0.13969657971283755
0.18611742407347673
0.4096825154878935
0.11954770099096725
0.1953450093800118
0.6512912392512588
0.03276980577711318
0.1677853647444028
0.5708603905852949
0.0222042526647622
-0.011614170685981098
0.5175061477498275
0.10360556614680136
0.02908087993123409
0.7793796546231186
0.058580900027477414
-0.01999882298776995
0.6127407243453635
-0.016151875677198328
-0.051679065726095215
0.397593031955552
-0.009996806656796833
-0.004239464604886778
0.636518810930286
0.04512066001018182
-0.047695322811080104
0.4433387539362521
0.2305305490045691
0.13692843663285098
0.7060668849905054
-0.07440335055330373
-0.07710241146212135
0.5316168709108566
-0.0006939084224211502
0.0023092396755866086
0.6469336861651248
-0.04053662752213046
-0.0727838390177103
0.49890669499631796
-0.032511386643301145
-0.059146353413728515
0.32327851188993956
-0.11330179063330433
-0.03353586560409474
0.46409100803127157
-0.06460080210716915
0.07539096043647395
0.4917603534289523
-0.0443408139862367
0.06723092443354749
0.4868132352424497
-0.02720034049906362
0.1331674201627745
0.6966135008239409
-0.02648795072686225
0.1383095007248695
0.6708952041403751
-0.032165344070622326
0.12998556919955218
0.6886736158630207
-0.0306331555149053
0.07088662392557867
0.6420612847457835
-0.03859361132167923
-0.10546300329511821
0.3574408390300917
0.06953838288187655
-0.051483559279332416
0.5150084208834376
0.09133586505190619
-0.05063079171876482
0.7427512109688452
0.048663719147106724
-0.04938934825918959
0.769070250080553
0.13713217115589907
0.14699335884548304
0.6951662995846213
0.0912955991376686
0.05291614921977184
0.5494973321546068
0.028616959802930084
-0.05112623273362804
0.5741214897305223
0.030891355519593842
-0.08124182852643182
0.5525768975022936
0.0036303211585043647
0.03446776586191156
0.75973731491021
0.025583049162860357
0.13190631615179926
0.9207165630565002
-0.05485488169247323
-0.09088730372698114
0.7314903567871632
-0.0470113121520188
-0.02599388404780191
0.6395549227557689
-0.062314091148838666
-0.05100653155193049
0.7012451991280215
-0.06372762769710938
-0.14402991271640167
0.6632502247821118
-0.05710287622163145
-0.10759407543402383
0.5733061384840668
0.0913915426952523
0.12049491525149622
0.702354299801542
0.011576485013290548
0.005260983255191086
0.8658902758056377
0.11244207437510413
0.018827370131973352
0.8330506520289556
-0.008856584263792586
-0.0742512980396695
0.6642080075778127
-0.0381040697773993
-0.031414624873278243
0.742113259994428
-0.029135585466609305
-0.0407619143885702
0.711953459053952
-0.10170599032802852
-0.21961585919933635
0.41321095406697417
0.031510239996178205
-0.07629153170936302
0.6015922110448886
-0.06941737773999422
0.1784046964536128
0.6447453801738794
0.09160525710342766
0.2530680213293228
0.73067899595302
-0.10537847747668225
0.1659968917933138
0.4603666390269495
-0.10351057348724055
0.10015080178662246
0.63109852692814
-0.1024147967297508
0.020852467885053197
0.7725707022621586
0.144905879728103
0.16623504002446102
0.6315837736319682
0.11752596182157896
0.14374956907290137
0.5141978853096578
-0.007973907553306736
-0.057174753833764656
0.35170304799993424
-0.1809127723339695
-0.07437670007707103
0.47553824037499937
0.011529782621575092
0.19503564968084225
0.6402763709889105
-0.01721848140462877
0.16390339475446347
0.6175825179193859
0.07512990835036683
0.2537717189033256
0.6766064335769276
-0.05181077308326578
0.07652372653546823
0.6507966057631545
0.0022967181474702753
0.23237175195614365
0.6036611279937786
-0.027437773620507047
0.18544681950323366
0.49351159682005363
0.07332181263628262
0.18154643312322208
0.333546270903845
-0.01307681288586423
-0.09371145477911111
0.3404481289116421
0.0438069529117994
0.08328130825250671
0.4078189824284675
0.06395045255427054
0.08543731413736684
0.5916923979406084
-0.16325824307157194
0.0005939212083894072
0.6582441047852319
-0.05229083913330583
0.10689480943574822
0.6728147245579391
-0.06131287480218725
0.09071319634616208
0.7427849057009273
-0.0033201471882959312
0.16848658140709766
0.8550135072915104
-0.07707910519272562
-0.03218202301862878
0.6496594435319298
0.03765759972665406
0.029258402642643212
0.6744033836377759
-0.04638049253270406
0.014380636732670793
0.6064442819826225
-0.1577644136172687
-0.1048357121525346
0.5653366039952454
-0.018581710861436434
0.02966018780945928
0.7535764980097485
-0.1139550424503737
0.0024689343468505274
0.5865129941398379
-0.08084704813575254
0.06054872411723131
0.46308122008474184
-0.044857406384039324
0.15522693203869267
0.5468444313067228
-0.15721097992048638
0.029115755321700847
0.34650863337748805
0.014266020968115703
0.07685340068667712
0.4274084545241622
-0.06270891395576315
0.07540125816195727
0.6060179330708193
-0.09080855010276463
0.21602041092026558
0.6294248479930653
-0.07280602948820422
0.0804208668252003
0.5468449188922258
-0.13876859757788618
-0.02235970293545423
0.28428016314763616
-0.12679269267574547
-0.05322794791359838
0.4000172745638291
0.1251703118620261
0.06764179152464977
0.5548319348679924
0.035668706250487126
-0.06766000691241122
0.34831478761508194
0.07510915546754764
0.5468561972111016
0.44444744535195646
0.00712640466271694
0.7243553571490079
0.32936554695856457
-0.022631431601893456
0.5995580792756862
0.2085427010788198
0.25163595008517375
0.5021446213476493
0.2988494017727184
0.21401884564694856
0.356129768948184
0.647099624411436
0.2620716283090593
0.3494413553347382
0.7207233010703664
0.25059777601624345
0.4182145507716107
0.5553398391292031
0.37009729951189785
0.47501859209616976
0.7027410814619168
0.3833931632693664
0.5240563307948276
0.5719202589890553
0.4094156368578338
0.7608629072916777
0.7397166453942092
0.5816001128922822
0.8551868607955704
0.870501292636674
0.47863335632074544
0.6864556678135357
0.8009053298943567
0.5578331844448794
0.5934949337085684
0.747241015136568
0.18668715381257706
0.22490543038838007
0.46763389828701085
-0.051169977784310296
0.2749678249201034
0.40209864874594603
0.22699445256312972
0.1972663040454379
0.6461484492649794
-0.040835875105377506
-0.04788696594081816
0.018908853219244834
0.0035975897742954953
-0.023785972354130696
-0.10094833112081963
0.030309446911009515
0.017861044645763137
-0.0659618559831065
0.06326669295434609
0.30535440272977554
0.20465047532539102
0.13681523701337447
0.3515958992049839
0.27992795861730196
0.0821339603474549
0.1248620314021554
0.20245441451919194
0.2953841075833732
0.22501531592474644
0.2854075646990081
0.3576431745389688
0.439042493651537
0.7504972595332348
0.044697330719226075
0.16154616113940318
0.06181764323701132
0.03792459273638298
0.16479327985311695
0.43469189668092567
0.5251142532819929
0.0557661550317501
0.4307151645001925
0.189215389586108
0.3509937477487387
0.4811169926289932
0.13796302714311182
0.179040042856532
0.20438962257822332
0.41453741944642347
0.10000999572497676
0.28192831585601275
-0.03640144563936068
0.10390380241374182
0.31703052357491135
-0.1635488874697556
-0.1511069068441091
0.018870878238699977
0.1449384585338047
0.207760370588591
0.26877024384140114
0.03738816857356342
0.13403945353397878
0.3939459206117554
0.15342334161257604
0.2649712692803973
0.4268206672168252
-0.11039231447886559
0.04184359804065569
0.3458774770000764
-0.03683383420975951
0.0029834372101980797
0.3859320571500744
0.24393906936543974
0.11909427247823817
0.22544939062930264
0.0453882022791109
0.15645195801723422
0.3708599443906041
0.13360341263634923
0.21659130996088394
0.5146454478883298
0.05361589355247624
0.23566968141054528
0.5459191564137948
-0.04762246677148358
0.14633410509146066
0.4005996584000041
0.08262279954726878
0.2059007671132993
0.49521869832337373
-0.005177433892434621
0.14834556651981468
0.27140112585845605
0.15543614906353248
0.41126759345740355
0.4614744940956511
0.037214951916566284
0.14774706565692652
0.41774599649669747
0.17037686627132476
0.11410780847957146
0.45322352040285663
0.03198762750054953
0.06007158355715206
0.22221430609540363
0.003688249708933517
0.06100629860410332
0.5653222541067678
0.07112892003805249
0.062178308915786615
0.45331777736379486
0.0023629353109227806
0.23611951007070203
0.39384265289985654
0.1274478855315842
0.37440932747462885
0.525632522817377
-0.04214223313263472
0.28250128835320754
0.5534256982413976
-0.095240499344442
0.2452584603257985
0.4564252999436643
-0.05624182844963935
0.23432692447629355
0.5569857611384323
0.08616633803948898
0.4560009154478115
0.6019812221331797
0.05583388559844188
0.4611380328539505
0.6078312799099519
0.1305534165013677
0.40302045417452925
0.4209391165482393
-0.02305305797382242
0.43037745276383355
0.5670555921222598
0.14992963879939447
0.4893485799529286
0.5785212406742195
0.10540205512711731
0.5644126639238847
0.6934999821704242
0.10452789239131001
0.5446443587212376
0.686679652871945
0.10718356528701195
0.4638495455893781
0.6541511622350407
0.13895215044527587
0.5696101667348623
0.7664185186640422
0.09755117708264102
0.31880565011966844
0.6189068858036546
0.04224821386070714
0.4567658010398421
0.7786667848393262
0.1967493429500764
0.6192271413950946
0.7891863779543096
0.18989547894687195
0.5566727202416699
0.7301014431156023
0.1491977344821479
0.4327536034469788
0.636833165239218
0.14705669984507921
0.43144419197706696
0.7060024665035474
0.07019998297362483
0.37801563818103967
0.4578624285165002
0.19240159185813716
0.36051441991318023
0.5588164358360764
0.16779434915803942
0.321682417926893
0.5659133684070163
0.15142296520843218
0.33537262882207675
0.5463737171240075
0.12871507468178994
0.37982941909824947
0.6917584760982304
0.14041969962067935
0.39957418548844326
0.655334605303474
0.311545982608876
0.43419480432023416
0.5273168100340629
0.24180578058760338
0.5365544464251623
0.6017369383921425
0.1457617044085026
0.4294771308319749
0.486335109178822
0.2385531857825371
0.4681366963146127
0.5148561673958048
0.17043001045109418
0.6043285328894623
0.6383679262923151
0.10985952234248694
0.6224457288911152
0.5873434918805428
0.053959749415580696
0.3197248984225055
0.4911856717169009
0.14361803438707277
0.365180841666051
0.576049987073566
0.022127728011037042
0.32367996366952
0.5174851656888191
0.08240488046259214
0.3782070818180091
0.609063342894179
0.15860589899421806
0.4313733565066487
0.6461813420273678
0.0039426992064853575
0.40278553993357613
0.6312340754574521
-0.013223763992140855
0.4524752738564719
0.6476011526716081
0.018068035603810612
0.2256640804542779
0.3953342787160792
0.092981602374207
0.20264561434349682
0.634184310193801
-0.12135021354397038
0.14426682021468634
0.15407937836984903
-0.041528643207987534
0.11065156827588706
0.38785470411936934
0.06993942705683556
0.2690487014203438
0.3186579017855063
0.5328560628086256
0.1856774663489655
0.6895016815465141
0.48289954446793526
0.1489645247237638
0.7351610716911566
0.2554963674688977
0.0745043477916349
0.5860800460870078
0.14805309985836762
-0.122531492785266
0.37795875572109633
-0.13401893435908757
-0.3425651790132388
0.4824246125581978
0.04192278106483757
-0.24238525287517115
0.541710698620424
-0.09392538521006003
-0.24266480073348812
0.38250909949334344
0.06264500882734869
-0.3712356754717147
0.4660719818595285
0.5304569413547207
0.45615679664614983
0.7378108667861676
0.2605958542513052
0.291301024914026
0.6422293848071785
0.4845009791097426
0.5701962199376465
0.6330816986065584
0.45729895505708934
0.31185336514064393
0.6989577781481049
0.5810470583350551
0.6488001936210356
0.7835546503468823
0.4433797857773228
0.5283453007359276
0.6510785584842352
0.3939167488548643
0.7083563594507363
0.35515956601938425
0.11146399265685082
0.3390581424577727
0.16665389680436624
0.14325605296637434
0.1265741615048835
0.06889403684468065
0.023228825812920836
0.0036941034123448334
-0.09330790811438447
0.2330053633644686
0.17338433056717917
0.05870431538512171
0.04539226974686882
0.007654320890194202
-0.09821006228970983
0.26499997056503477
0.13316388068776597
-0.16700385274911628
0.09224906148920636
0.09951272186193928
-0.12366426583593716
0.10017187788885362
0.19544146335378143
-0.10659825581142393
0.3475184308356494
0.3727568019784636
0.2875850617201255
0.14285069336514164
0.25833458319567165
0.15373956666927016
0.21042246905267634
0.365959218195671
0.4552257781281523
0.0057071570109812845
0.0038777982673554564
0.044852035518896674
-0.019889870811203535
-0.0060443085098210135
-0.07632867919032943
0.033893656247805555
0.02524323328437673
0.0011366179326936197
-0.03502916636131345
-0.009252634989301236
0.06777745321935233
-0.003180548799054823
0.07548690435338544
0.05294048165047336
-0.032544074356367955
-0.04781872824694927
-0.005189664519706507
-0.12459462884945302
-0.02095284938489469
-0.037433552834886315
-0.011809015794913658
0.008721117451421095
-0.0010779482253217149
0.1317594605832159
-0.058395877928766084
-0.12280477774630964
0.08881311540045313
0.13411708689223684
0.0973333071780125
-0.012830586850134086
0.0023295054229291135
0.016862456900227432
0.20894569805476795
0.4694270256520663
0.10789292083845628
0.2387653729851017
0.11042164991846098
0.23933205575768668
0.3509156369650049
0.22026249979098836
0.12513466118192676
0.42724904337635083
0.236805272540609
-0.12544549545082295
0.4055267067258418
-0.043978846326454234
0.036576308158840554
0.5392870621836253
0.30461390423627477
0.1754319667032786
0.7317262932260615
0.1872563922701389
0.11061282344544983
0.4665025604387952
0.02196568760923162
0.028340292096154032
0.408890953308107
0.24047021307356242
0.06962656011792172
0.4743852660591531
0.14288210074447324
0.004355713152553377
0.33044385602700865
0.013107376678441581
-0.07913310821623745
0.4739780171697957
0.03840922808683592
0.08573110791520323
0.6886853229211931
0.11146944220960833
-0.020495845745743344
0.5504843556652617
0.08965354336400551
-0.01632022935193516
0.5647424869930755
0.09183350481083674
0.02081275113081328
0.4965162036633165
0.07679428789977291
-0.054304323265591016
0.37402579271715963
0.02121984283529041
-0.1423199835945629
0.9214966125354747
0.27299682855118
0.009310226809727701
0.5909187830842602
0.2333603540388956
-0.054058314307851824
0.6023672235970156
-0.1185382195870923
-0.14035402917869133
0.7122918764084348
0.068142813399814
-0.027967896216380142
0.58945187095586
0.07594093094539561
-0.10745725598524837
0.7027626475053215
0.18233597409054494
-0.011502881825550792
0.523064743950768
0.0955759087485717
-0.035590385075936815
0.8165508753433047
0.06350061062253361
0.08700053051742011
0.6283112461530678
0.14811273391025945
0.08541460077280422
0.7019774669344672
0.3108677969163667
0.12429890589960343
0.5417692682236115
0.31079783206806055
0.15746682763807673
0.6166562906272988
0.44345111960181177
0.23160192711202568
0.72479490638215
0.4470717311553697
0.2411899795363976
0.6685499223926719
0.29147532933123754
0.2627627994822139
0.4439352302024172
0.3405728460956066
0.2871488436671109
0.3672094015400512
0.20336335655555576
0.2599365665420922
0.5783661152396065
0.3537734164910109
0.10143100901208077
0.5044285860025182
0.17898518021305967
0.12668299785238762
0.6765802616543029
0.0677509986879371
0.09865402780124077
0.7727223144163622
0.35495910100023664
0.23462911830582212
0.927193805270752
0.31946820035914186
0.23657674468738307
0.8238667391460155
0.34499077268997225
0.04608767118998247
0.7772661284833279
0.24031095151495036
0.149608324001066
0.7128687646154732
0.2058021156107694
0.06273454554954642
0.7735315494124329
0.5927384011898787
0.33351247594762595
0.8252912005055373
0.5814343381932385
0.25167460646084605
0.7908329384729831
0.6020704896688147
0.2892380067983909
0.7975250947018808
0.4508307384474798
0.30299257315546524
0.5873561229254244
0.3410115610694474
0.21125886169467484
0.8398769818360342
0.469773619463119
0.23748165352508918
0.8467574963986808
0.5176159100605033
0.3716814598148932
0.9576619671200561
0.503853578425135
0.38926323304199184
0.5573837823143389
0.3935257092215874
0.24411837520490487
0.9048485176391357
0.6692099156256202
0.3449266727098428
0.8873806927758978
0.6390360568834057
0.3465920284712437
0.9725828062213855
0.7052067483718963
0.370026582964203
0.9510774912932993
0.7922597968853349
0.444179702466148
0.551734371928472
0.43338920728268804
0.23254649745683303
0.8820289056024273
0.4485542749350905
0.21284022881420167
0.8500075476417572
0.48182239355851186
0.2674564757421324
0.8445210118672324
0.4408598194974743
0.08258224493750069
0.8513755646227801
0.4008129970231764
-0.010820835219726415
0.8696392642954113
0.4795109423941092
0.23883279814314104
0.7679727788410942
0.46475273830709946
0.058430955480368856
0.5662843223391277
0.23183985954840985
-0.11469977729148205
0.9350458787817777
0.5298787147395284
0.2564841355450605
0.8057067582852161
0.3844064292803475
0.10419238948528764
0.8173736256898683
0.41593375383721726
0.1189214761313512
0.8647570822651995
0.33846015271255114
0.03593459356104209
0.7575068710945431
0.25471372462277947
0.08820650270778727
0.45513818506034887
0.1295889914921661
-0.23892416491176677
0.3831490694109251
0.4274369072663134
-0.08043922888047898
0.5716379925164159
0.11920778204444937
-0.13497549184561325
0.545652392413956
0.23906308816207503
-0.10271027407702656
0.70757930313888
0.2838277915611263
-0.040794128865118955
0.6647800202379739
0.3402515723870002
0.10684777755085574
0.373047580362197
0.07142794875085229
-0.10078892239602952
0.43605767627798386
0.31096426599469207
0.053340770643793015
0.3708364215110307
0.15803973178821665
0.17193962007960845
0.5191686688189776
0.1642208057811975
0.059168066354945745
0.5132872139677094
0.37641503053883296
0.07841999415033792
0.530940740580059
0.320451496704162
0.1224582317446157
0.6653050421634912
0.4108540173696416
0.16745008303602232
0.7324065479881936
-0.033934246851943156
0.025721113448447228
0.679561084215198
0.5067669097269729
0.2982674101775662
0.5727499462331633
0.23327440517101466
0.08413191831406779
0.8440948168912673
0.654033851040048
0.3734201542884301
0.9629631275867739
0.47652815893158007
0.2732291728419253
0.5943099490896036
0.35452370111299897
0.2281478667053936
0.3577450160259321
0.45327055784311004
0.05722811500524392
0.2596371627489408
0.07913394770830459
-0.18638039292704833
0.5158756744485486
0.003615641088250231
-0.07624042052195584
0.5289231731870865
0.09084634576731611
0.022400809603014337
0.48536139644915116
0.010879091650262674
-0.04384121789346258
0.736124397209404
0.3365663611754903
0.15843947153819382
0.732134632517693
0.27901765380618104
0.0645704310032539
0.48267650180751365
0.12681051257725362
-0.0167897980980095
0.6923025256963726
0.06710938629715635
-0.05424612358551632
0.42070223011620606
-0.056131179589272856
-0.008067313552862474
0.7557743051955172
0.027205324542649647
0.0654814890639012
0.8164096586286134
0.1037148844458321
0.06386218043073201
0.499781789337779
0.12282684638980824
0.02472823565739804
0.6675647015219036
0.0719142054549306
0.024265579637000625
0.8826277990201954
0.28321412945808366
0.3143416610890668
0.7219598939884566
0.08563415369666556
0.18301960412071983
0.6316524512561849
0.11739854563445046
0.17658952364378622
0.7653962271802548
0.2555336265283895
0.14906555717240436
0.5416213056007484
0.5885800083089819
0.556882838938427
0.7288108753865269
0.5400014569582111
0.5756544163610947
0.5609577500096785
0.3235551933849703
0.4080392145402947
0.7482506696612587
0.454340199364771
0.4913625701586716
0.761925661734151
0.25566230208833374
0.44820597221291103
0.42217618281002417
0.3257509392905441
0.23635347080841937
0.5934854065397809
0.2933895136936343
0.40903685841673165
0.8214974765503276
0.42373629909100796
0.424341747569959
0.7497294931724873
0.6671040742983159
0.5276831140815068
0.7801379850042238
0.8318142304014863
0.5589932471808375
0.9185520994706942
0.688369230023472
0.48988923651655136
0.8887990829548793
0.7918952347240975
0.6207814589784264
0.8668601807133676
0.7376325632356611
0.5169854728934005
0.5730596865187503
0.3997710818646393
0.44613844061608265
0.8272963075610158
0.6265835411473546
0.681062522238969
0.7842075010264984
0.6467478359279637
0.7091199823975841
0.4250709378629969
0.2232004528703065
0.29751582287085016
0.34931889444395653
0.3004592657388879
0.19920148359109657
0.6383275633683853
0.4424475311217272
0.5515059900134434
0.7187931082631092
0.41662778658429445
0.5198305235189883
0.8994444578314689
0.48007115676612877
0.4678993945732194
0.7398047989926482
0.4828381905983627
0.40245214703951754
0.6050792055950767
0.32742471604042117
0.2623125592917469
0.8069770482294676
0.5073354796073579
0.5169133165614817
0.6479631868253171
0.48927062291683354
0.5239478671359162
0.856780855682029
0.583991596291052
0.5800235352003351
0.3500273978795513
-0.04813930629023168
0.2223657264938442
0.5875449413317688
-0.04234682401795982
0.4377552568060077
0.598738627294257
0.37084292913882505
0.42798491085481255
0.7528040569739601
0.22762176509655394
0.317177723119853
0.2851515715384325
0.6895517594976108
0.1262904972458134
0.3968401431839732
0.5369946470389286
0.04804705425880991
0.01820881399473752
-0.020960244475237824
-0.019509225995655
0.44604098987220586
0.10531809286420468
0.07151541784090543
0.4531330393360431
0.17009825146821353
0.05226269148513145
0.39081205264717
0.26676666611531274
0.4391411781432598
0.4624882974610076
0.09614516381213604
0.0383268587033483
0.46102686193013903
0.24755070637917723
0.14009548803675748
0.397250192138327
-0.08750946695239659
-0.26294414308867514
0.3708428427333388
-0.1599734446107025
-0.20482994841572122
0.27193553783949703
0.20727001858752728
0.027920945805835165
0.2748932131517843
0.15032639636513329
0.2637244747566802
0.09606363954873362
0.564066872845277
0.030528922572917602
0.10606186067986828
0.6192608278966347
0.052117187143773724
0.4833303237042505
0.6621539364897735
0.3847201802193244
-0.043827350986425914
0.48257990714697707
0.352809791365325
0.23803946582598837
0.3462177379568603
0.15566466114180166
0.06094202694819307
-0.1314763768330233
-0.22669202841543168
-0.03480027401139584
0.42234999745572993
-0.05948106453236571
0.4145080704556415
0.15267111051823246
0.026448618273205098
0.5096287033912625
0.39970605888812105
0.06659922309421247
0.531046398630624
0.42711705397196187
0.29854015171591064
0.4623152472338904
0.35136461307515315
0.007865269282050669
0.1098660568946604
0.10659992148708063
0.34326743600453324
0.06914617477371442
0.06507712807237578
0.13861910203682246
0.24605070820905928
0.04572967738827725
0.1357346683523022
0.09312047945064308
0.1383131645284495
0.19540166040992368
0.11243300836230946
0.13415040122958782
0.19850541955928697
0.020057801210010322
0.1831085090202088
-0.013200459458747857
0.24149696374612467
0.05835815185922583
0.2692990804516593
0.0014299356308898857
0.0881947698192514
0.13442065747624285
0.08532433961892646
0.1676977870264944
0.13608204780715985
0.5657890846037193
0.45169503685729095
0.29864321086400647
0.2740329433337053
0.2205042117366197
-0.04742544970628863
0.35161027819068574
0.4341767893235149
0.1861954230142951
0.19805605985364688
0.09955804459576792
-0.23546522509107545
0.23120771121343042
0.19556115133898877
-0.09544321284325526
0.21259471268718216
0.11954053802895487
-0.11748339513956998
0.017669577238003928
-0.0014610471857094166
-0.2866346934400855
0.2483747821328126
0.13881828798279372
-0.1947514114271281
0.17874140149141604
0.07372302955466205
-0.23994799877469913
0.31902640091730317
0.18320666215401016
0.03133753866111458
0.18372546643155552
0.09668121215337583
-0.02783616100240026
0.08596224928222572
0.08614021327189675
-0.029645378035876375
0.22938639496528596
0.4114985632601329
0.07051508991655624
0.31686823008706694
0.31123324697477917
0.11905839428483184
0.32585913149770185
0.3045477627396781
-0.09395810649119019
0.45262587234079965
0.45280579517611697
0.08879606396507152
0.6880352950251767
0.2771477829543798
-0.049791553545926834
0.766535557116701
0.4649822821276187
0.25272879088583544
0.5805505835936708
0.3866855098248303
0.07784430658953101
0.5645454301927821
0.32265147308208614
0.06399026273321537
0.49636963418900426
0.5043432335217481
0.20777875174174487
0.7507746997625818
0.5057080688083084
0.13289501249086766
0.32729238643672376
0.4445681073784651
0.02139523486120981
0.11963797694171807
-0.006174055011637904
0.04545743096532326
0.08562288022025914
-0.05799693500091519
-0.028622507326598438
0.18543299044643874
-0.012939070593280658
0.05937979343778245
0.3906795489863388
0.14152203799681662
0.015847707496283437
0.3774777689789814
0.015954993698792407
-0.025760860161828485
0.1092598268967007
-0.018181483422758948
-0.03156818836852995
0.11376646810830834
-0.038177956725571886
-0.16208206178083184
0.1485044932389667
-0.06925510681250148
-0.21558901599674107
0.17380093115818165
0.21610217300557646
0.22445315984291925
0.2938102701116342
0.13805561484894938
0.26417553261186294
0.3542394835512823
-0.004824990873697109
-0.058803622681132844
0.33583471816343946
0.050687521028730656
-0.1207028977663341
0.31585512646842695
0.2664796858504812
0.14760215255522957
0.20669845618838104
0.20979560342072254
0.03150482211364507
0.6875381679584898
0.6963920294095818
0.5161570812015379
0.6523163480021623
0.7751198557869556
0.4134196587239709
0.5934245410841505
0.7008418987043187
0.09163457626996718
0.5384803538046126
0.5330271957338588
0.026017566832574848
0.7179105749447189
0.6798630626947275
0.11476197076204618
0.7419586315814664
0.6697878416650771
0.24306515578289825
0.8892055777775323
0.7087044122020825
0.21873998068990097
0.942298312615082
0.7646772645473706
0.23951211756815627
0.8207647082009595
0.7284284758026773
0.26145227641367935
0.7703142163812391
0.6238644881730921
0.06262259097017886
0.7680845969037265
0.5587013959044334
0.18993146271125036
0.8493911564874927
0.6128599400052697
0.09342745442298399
0.7891860841713867
0.8074829399352078
0.13740502874268587
0.7771755856592222
0.6446565612855871
0.0738001230526271
0.7963226711418976
0.6948087981016282
0.35189299287902964
0.783613589673176
0.6018004693856923
0.22212710269624492
0.7013904882490318
0.6313994659075242
0.21314603997663012
0.7347402502901113
0.724343269453003
0.33260785627112777
0.6236472848163439
0.5796749148567986
0.13899284761506409
0.6846369800656799
0.6704413071269055
0.06295324561914628
0.739526668785814
0.7567463830043946
0.3471527388888598
0.6649472897842617
0.6060723705594175
0.33277327849919214
0.3886260681385795
0.3512131455018942
0.19107922193450008
0.5296843684369742
0.43982951349199734
0.256081699419401
0.454577394350684
0.20072287783212361
0.05259751375877099
0.4313286293300699
0.15910818163113938
-0.016375415441607907
0.31553607049505994
0.28754801426423593
-0.2151354212886967
0.5395740887718744
0.3096135024344159
-0.008643942999961478
0.4690207857536122
0.20994068320216416
-0.018554267174734185
0.5834471616715216
0.11958312184857159
-0.1717273224189065
0.7010376189607392
0.36015863966135114
0.03627915861028358
0.542717003508036
0.35239179375303464
0.03145720629862807
0.2597834151923137
0.39977413221126074
-0.1614813152801758
0.8018596787296024
0.8193693293948103
0.22618172060529795
0.5216193631254264
0.7527060467716811
0.08668014280058431
0.5245434110059968
0.7425953661733696
0.17130541323363233
0.5959182267462062
0.5380964686484444
0.0070589607548808865
0.7479259479302549
0.500554675504868
0.25420541738291386
0.4222606389442766
0.27935659810485747
-0.15713594335807282
0.49475083127395236
0.22775397020580368
-0.013993684544401447
0.5587580260141042
0.6194183428608412
-0.14282067135099386
0.28944778790447084
0.30794454011910305
-0.30762589815431607
0.6127564229364229
0.35095963092911814
-0.09504445612994442
0.524299726836922
0.26397693618976764
-0.22483220450178654
0.5228506211487037
0.138280743242358
0.1020378838917842
0.49209196933161076
0.18760722776692274
0.012423467990086184
0.36319647324198034
0.5409761286237817
-0.10573323118930189
0.4127593826206651
0.4353798236757928
-0.005316828374758151
0.19339823106782034
0.15901332682247188
-0.3878599966615959
0.44542874969930946
0.30479787438841455
-0.24512323641641548
0.40212521476164653
0.4049241190050129
-0.19611038940289205
0.15015677060553817
0.10717537953036425
-0.2682609968266345
0.5018941084777144
0.6407299868223156
-0.11399745772746836
0.49714836587265854
0.43377963832387517
-0.023275303888324723
0.15580066194909742
0.21463981890653602
0.1782498962451519
0.14154610937629825
0.20005828379053847
0.1874792952281508
0.13971528818674084
0.33746235722891266
0.20681083719103804
0.2224357818138035
0.37304820332832334
0.17864856219322361
0.1127859185161479
0.25163580002887775
0.004083874929373808
0.013122042790925013
0.18914338837348682
-0.019084246987775548
0.10918115535494305
0.05417281589184881
-0.046476092813115336
0.01106432343018146
0.1457679675056037
-0.12666188412288126
-0.001149082416135816
0.12716942709835863
-0.1539380443749136
0.03768280934110415
0.16020901819329253
-0.1606269555178176
0.11640077197861691
0.21915374967896087
0.009832541906227083
0.18462608374628198
0.29860871343480844
-0.08599189387429393
0.2930061759251481
0.5562892991968337
0.08281758307271789
0.3493926787428717
0.3212240208437295
0.045126016021947525
0.33829073755923733
0.3078404734160973
0.14263742282293745
0.2064019888840124
0.31206454599905104
0.09105989536436684
0.037363340048555654
0.17835445234813996
-0.25425164964324015
0.14468421363492023
0.21360837466996563
-0.15725427681002985
0.1934501558442342
0.22132840568960704
-0.12960579586513507
0.22699621634937123
0.23269756124725172
-0.15930108934981405
0.17752144815359075
0.12568991426631276
-0.23038782294540844
0.07726735080347254
0.029320390516267048
-0.25588870892948334
0.09836508609686645
0.09698377743896813
-0.2561081306859891
0.09126883845991597
0.04030838852860332
-0.267697956563326
0.19320871303753073
0.20432756374603026
-0.1962344657761227
0.3052092882051577
0.3396515743796399
-0.031979720680088905
0.22590833120016732
0.43262596326850505
-0.047631311663732204
0.2804508960812435
0.479524776472429
-3.0471858984383853e-05
0.26681741098644896
0.5172292263345654
0.023969764771701176
0.2961688402021154
0.2953026776357034
-0.04899883843028284
0.09892910391619175
0.2927518498194726
-0.09533752313109303
0.11175348740367527
0.16888209899331696
-0.12465569816215039
0.1337088636637166
0.29090497106045615
-0.05916264982906136
0.08098645184457258
0.22071530330426553
-0.07912488670494418
0.14081712827145554
0.27682598449199175
-0.06122726758976116
0.040859534184984045
0.2496890099133099
-0.09798787575463305
0.0553998051033837
0.22300463440880225
-0.03286511278677931
0.10871101488096595
0.2714415006476014
-0.061390738601651194
0.032250376820457116
0.1637595331193566
-0.15934342619259667
0.039010640556849344
0.2637420655734224
-0.09884938718910874
0.07634013836480247
0.30024874070887975
-0.10755435495690822
0.23602922908191634
0.3620725374691976
-0.03864704440192465
0.08520940276268182
0.20332880906462014
-0.28334167625238194
0.19104515308948122
0.25845296259141637
-0.19158189193101002
0.18738215072186237
0.2800602235667567
-0.3136248320818862
-0.06942567913256895
0.0021262625673881055
-0.23012648494190846
0.13650496100974496
-0.01935720519295707
-0.18355888028903056
0.04252312560704981
0.054290056595167085
-0.10755821433701875
0.0031338332609565853
0.1904288978588447
-0.13718405123853886
0.04971727594839924
0.12723852443159805
-0.09876628689605621
0.10476923324814101
0.15851747859877094
-0.09476579323716597
0.10206324549482636
0.16721604741286855
-0.08188381507249524
0.03855044448649717
0.008134211776954853
-0.22605445403185892
0.059556569409241346
0.029103155455894005
-0.14633125146503168
-0.014364405003681
0.05846342031887401
-0.2705030911238571
0.07657227402960957
0.16612982066206802
-0.0856250337350054
0.05966484801598993
0.14046952848184205
-0.14561820825020888
0.32933447348585076
0.5921984285077012
0.1691645756303895
0.3718272867534378
0.546346542034617
0.24973199290050116
0.3745841714209954
0.5631854761450367
0.18985522291453466
0.29449086611208386
0.5003717158839782
0.17058463550636072
0.20219317807718987
0.3065303914515809
0.07077316396211907
0.10277312853022255
0.12133771194967416
-0.16913010988032756
0.09409594203847617
0.1211714889281294
-0.11104298780204945
0.13312602841351293
0.1371709159797687
-0.08485084510508883
0.10435012750428058
0.13256244209720108
-0.0829126982757796
0.23886401382239286
0.24163193960920226
-0.008384770088877853
0.16467616339437424
0.14442575262529445
-0.05823380987094272
0.18321021918274927
0.12064171746692556
-0.050034120012876174
0.3899485759627552
0.37693165088749375
0.046980291889600366
0.3505517052672211
0.3146013249255588
0.14358385445279712
0.3297971637339544
0.35219558774519544
0.21418450213052362
0.5050895427900028
0.48081596334347076
-0.002557618877730119
0.48330533311398094
0.47487435959776014
0.010620443304151964
0.3911085111591517
0.5468659564970236
-0.0006074655783765493
0.32337930084870603
0.32704109219377253
-0.14567482280016592
0.41975527998140433
0.518171571157766
0.2647142289107821
0.4397038664787367
0.4739192495555818
0.126941626972303
0.26360706154004787
0.25459366023558777
0.031861048813036655
0.3574330808434889
0.3253383747131857
0.0212362147219998
0.46113466999780783
0.49660620483937
0.15173867049204642
0.44955943146650235
0.5352676214794538
0.18752086217307296
0.18438684442756356
0.14786187015802876
0.03309693958712078
0.046697400982568665
0.12089460678990568
-0.15324640942887569
0.1579134475252615
0.2536081895669575
0.06923683342229711
0.14246795440928683
0.23812159309717518
0.0584436261729238
0.2643699560264241
0.4746964687746952
0.14219845962512945
0.2314281864335031
0.52432850079273
-0.03766347892692623
0.3369983198329978
0.6428433426811698
0.12438709640569315
0.2866537373778901
0.5068608287465333
-0.10599608708845869
0.5020000198906611
0.6419925862766427
0.003446669752091312
0.5995221937987429
0.7050980382918677
0.1297993449504278
0.5261495860694299
0.7784117234761896
0.11133135499299653
0.5034707386575088
0.7685297985970415
0.028930978656501852
0.42499631566428475
0.6824375790771726
0.216896012199094
0.3959185624309186
0.6796396262072922
0.1335562667794638
0.5726736246788762
0.7192112700351536
0.23267190939389393
0.5946525690491455
0.80692637703153
0.2500972247375942
0.42678150062364584
0.6792300750542586
0.07336666046574888
0.39146693551205414
0.6490082041664358
0.05843399379694327
0.3749186075162406
0.5732833709972063
0.07750674573139552
0.5261769271035184
0.7495675339672108
0.2726061073762558
0.46200440862284964
0.8059573768210688
0.22360759300460964
0.4726473171081238
0.7577534261905805
0.14269870208992802
0.5768343379068626
0.8183415967204528
0.12391149293121312
0.4146993724852191
0.66437296564346
0.19929104938216044
0.5218401187669719
0.7013737781606524
0.14493503490167034
0.4913862047041821
0.5681181500119477
-0.01524153033051744
0.4470326489730094
0.6685610675358534
0.053255084873181174
0.35027210781134405
0.4986148485399545
0.027644562305702378
0.35855869566465404
0.5793891199724632
-0.027732762651988457
0.2710087670311733
0.6707926732823929
-0.10105854648124682
0.4321304689281118
0.691764508753861
0.1115226431730695
0.13537228663643489
0.44329726246171675
-0.06263511243695906
0.371490265455555
0.6455949648780466
0.1537295754303939
0.3315572931627311
0.5529448151628185
0.07459098558766294
0.2249478535783594
0.42185884313483535
0.055205232819294
0.3164562988027078
0.5280374533629646
0.07252960798756078
0.3623110806718975
0.5964371651282931
0.17316451734193666
0.3673480865382574
0.5385548335679613
0.020647423817936238
0.1757465480580048
0.276636852258087
0.011658191884975012
0.10913581212445331
0.3843614868013825
0.12242947458570347
0.23736274429965007
0.7378953731758764
0.06539608428873671
0.1873430929025195
0.6307639478911516
0.05733603789899614
0.1517910318008483
0.5507197443702083
0.12656267184697226
0.19278359778201543
0.5063960248587032
0.11086393469132602
0.30595422090982494
0.5540967890213517
0.15750546646338057
0.3015776905384113
0.6869609913883507
0.15224341025892402
0.2618856831896561
0.7154517977049055
0.13456208233626332
0.2094439588797264
0.611236158598129
0.14293303279876035
0.24268871184509097
0.6144954178708817
0.17537885850407856
0.2052300988978075
0.5422412124097219
0.09949046218810881
0.25236348915462764
0.471187629078451
0.1338137413760322
0.13546172010684457
0.5911809973398592
0.09191225937988248
0.30322371869467774
0.6136729909414946
0.12594761697408027
0.27863191961991657
0.5090198426415748
0.0735256907953693
0.21258348431715993
0.46710457617100204
0.004321751562250613
0.15410711765976468
0.4735395825717079
0.00754444864988346
0.643741973863227
0.7497137789445875
0.23256042679437705
0.34333984219577107
0.585321282994673
0.29321102913248337
0.5552387390146036
0.7838330445821529
0.38166777930309664
0.2819897181423057
0.23877559660361491
0.10833588692164202
0.29657657767498413
0.0790145424858779
-0.03060009024544224
0.5809354122720753
0.41650539345204696
0.12118453825022449
0.6918181011186395
0.6641081903543999
0.2671129974395224
0.672945180311052
0.5811697000711077
0.26923378286549593
0.5806774186284069
0.87273740210528
0.361540429074842
0.6001826240609396
0.8016311083942615
0.35099673926089414
0.6824420864423835
0.8367225847441488
0.23240093947698195
0.5731177455777307
0.6404992223674962
0.29652276816275136
0.708699428424781
0.9019713368426906
0.35580524638939764
0.6212077651109882
0.8021210389071344
0.3232346796853265
0.5632398754283446
0.8732686729069106
0.29727730628424087
0.6308883549549309
0.9051837018668315
0.39395502413536265
0.5743625675737507
0.7396326698539999
0.39364356659032296
0.6587839548818738
0.8403221087794175
0.424595229754579
0.6790238873497126
0.9261740005246375
0.4621335937450881
0.5497063108468117
0.7340474490406291
0.3916532101626852
0.6319623804541412
0.7676582285338898
0.27362674900984374
0.6191095476115591
0.8258446666101162
0.2428157046793245
0.4955819724613367
0.47440568888099477
0.036464380321090575
0.5883524148979893
0.44809215740288655
0.04117656961835812
0.6841112220400583
0.5367515059976731
0.17641232111471966
0.4247441172012907
0.5932276239654977
0.047579528896676895
0.6875966447903279
0.827062349175427
0.17379868317229336
0.592737438678936
0.6732522731470525
0.09207956376619038
0.25685142744325634
0.6643887355517536
0.04379069739608698
0.2752265763294546
0.45490995128711675
0.0736465281136248
0.5274000977240214
0.7884450367683463
0.3308638901558787
0.44689595532600734
0.7001182996741977
0.26209324557398384
0.46569458412087916
0.6600517656448774
0.250980132887006
0.47313235473525256
0.7353038572806612
0.29457309725912934
0.5199710510665633
0.6314849831339937
0.10223462128728947
0.5921537273888093
0.7096909689556786
0.25417203855950626
0.18070147080187365
0.5380634537534283
0.03267027725380722
0.3351703926328648
0.36475839232834484
0.19791904843335767
0.6583077722492505
0.6606742143136567
0.5141312781247981
0.6017923744572056
0.6027063572754963
0.43840901596032755
0.44845729675800905
0.7079800879036371
0.3857256836603171
0.6346213483426485
0.4697888585620633
0.4066649511506071
0.617919403878245
0.5005718127474721
0.26189056311737147
0.6506711794336305
0.4972291209866849
0.26268966932867377
0.6186531858266183
0.4514933142591675
0.7084700825888539
0.5498323565911998
0.3090054994830804
0.3752800195636752
0.5072111444678967
0.6765775245593113
0.4637410069862887
0.5692173533006027
0.5834486905065627
0.28989951631204536
0.7234645280958092
0.803920637065356
0.32075378670721266
0.6607298100930564
0.7762736931798545
0.6176658946637141
0.7836020343455308
0.8298022011691072
0.6182506793554847
0.29960606541072843
0.683580211285481
0.11826006012544515
0.09485502253616052
0.193585102951785
-0.12365319137147535
0.3081358071458955
0.478084582878067
0.1608561745732056
0.29258764610345245
0.42333752539838565
0.4250894632104457
0.2129471857847262
0.5070130308862635
0.45624507742906284
0.1659981009794408
0.7409265193806602
0.08596030331231932
0.4017689465431658
0.8117574607479322
0.16384841571105682
0.3347040857843955
0.50286758328289
0.14793409886179731
0.627324958917703
0.5993028649335916
0.3829421515888764
0.14198225360105568
0.25672382354265433
0.21072316420934156
0.2959806687074522
0.25729644505484467
0.1454037797609311
0.5696231554284136
0.4812458110867135
0.333589086743216
0.5025691497677016
0.7019743490325665
0.2605749819219621
0.2633362847659854
0.4342602428621489
0.4720686340514849
0.39573358280358306
0.5429803730130061
0.3709180535291531
0.4465429687788194
0.6574173101968914
0.3784331633455349
0.41946895559770936
0.6676205159576711
0.41300295837566375
0.1756745253956674
0.6459632198685423
0.22196830956680336
0.09924086980816657
0.6641950986687182
-0.13446965617867576
0.10508355909125608
0.28500839725253047
-0.047197232435776
0.15851504811926445
0.38356905883804393
0.07475372759412244
0.5036345179523428
0.5294215926582913
0.07908783461049831
0.4494628923774855
0.5444465499252745
0.27996867663101255
0.10826224619765967
0.5195925837866388
-0.03264328620129021
0.2733015454830917
0.8013263862718374
0.19616643314807658
0.0976467206265248
0.6358451622303573
0.2064139667333322
0.14203104405873163
0.7259350329611038
0.19931010402900173
0.1968956055596035
0.7500060911936195
0.14845991674390124
0.02019393138966881
0.612858827738594
0.02959508535354955
0.008098091239451053
0.798840974843434
0.11857423549320699
0.07876007587552407
0.8478903006756893
0.0496244235854001
0.10924920514629007
0.947494318333408
0.09471852286526541
0.09755041986987681
0.6146276515918987
0.08844298312558864
0.14758346431230157
0.4383434987101513
0.11974276503107417
0.113771815389654
0.7528273633860365
-0.04450408562657551
0.12111513645652613
0.7696171801502701
0.010876791867478476
0.26235153633750075
0.8085691642298576
0.17558074148294306
0.14552158756326322
0.6907689256106007
-0.027053947493057017
0.2278288034233546
0.7542202745835359
0.17740524079202918
0.4799025682230211
0.6137997634021981
0.3340478375604025
0.37445944392125974
0.6976340381371844
0.15333150794064723
0.5424505631991748
0.8090111958486397
0.19984024314379883
0.3463368857767062
0.5650700318652163
0.0978996576842042
0.4665734538900195
0.72576857638067
0.10804599625090208
0.470355692936948
0.8535587160681652
0.2012161761425318
0.440031940321842
0.7741176337113161
0.22809300242131575
0.5992724435276485
0.8591908543579239
0.3309337645642717
0.42579854625400027
0.7915500201612586
0.3206764448856212
0.3220992973239674
0.8195278020883878
0.21026623203637385
0.4843418607479393
0.9082337209918091
0.3226802259552405
0.3661931461619354
0.7433609849552301
0.1812252815339427
0.4158066742314966
0.8771786080152078
0.2500304911634099
0.332778719394428
0.6701260227439584
0.2703610403160547
0.338160427631814
0.682824419475021
0.20833735624249303
0.42017299279099374
0.8061560148587743
0.21027763467471255
0.24203079307460001
0.6046843097001147
0.2536782064440603
0.18907791591010142
0.6023103602309741
0.047195034077351074
0.24305442883455558
0.5415701362330531
0.117048210828672
0.36012815530697084
0.7617611547976939
0.20386572091237098
0.280580383669662
0.6039585778059038
0.11298185859917158
0.3842623221104038
0.6741632422093575
0.12351061109404737
0.0757589705426603
0.37217827232549117
0.43283051188022686
0.4387143145452582
0.5744808547119011
0.3386089640719212
0.40111439306171376
0.6516825647792708
0.25629931024640823
0.34023459646618043
0.4308714672432451
0.4322533267000541
0.21074641544258138
0.4211177375320619
0.3586024820470119
0.35548971323651124
0.7238788826372323
0.42425253065061275
-0.01485618991402499
0.7204004458450414
0.3662925180690432
0.10861955983876695
0.9300005771562161
0.536749255097628
0.24283106457494097
0.8624557217671611
0.5273017263726911
0.25433690884757437
0.7327546214722475
0.5032416811093279
0.24454356242778807
0.6995872037593516
0.45249506534085226
0.14223158255439003
0.7487845890801286
0.44715744723203465
0.029601363842951957
0.7610706684405695
0.5202188977075531
0.05187771921529184
0.6027238516679175
0.27631191553558615
0.09357390313945324
0.6400075014616677
0.3334428533307938
-0.007814448272982083
0.6014168749625741
0.2864237305592296
0.07504827058129823
0.6329566877963027
0.2504550291910501
0.17004988915293023
0.6507447029134612
0.49390930606118544
-0.09311946616007309
0.4260325756850192
0.36105332146279956
0.2688113957638599
0.48536999556732
0.8508146830746981
0.291578447544352
0.46983860510766995
0.5167435655138091
0.1685109551554252
0.49400682200870427
0.36427845634381845
0.012528519309834979
0.12524395731427618
0.16920992755496403
0.46323272251456193
0.41798907955674947
0.4518950026236732
0.0649443302209551
0.20568550970588897
0.04821462171436888
0.3347501001737784
0.7362934163330288
0.1575752466008449
0.22805731276114047
0.811830682217423
0.14052030481841127
0.07721285501968347
0.4183232904659747
0.2081637609766453
0.5229680954372036
0.6432588947619795
0.28716887272598285
0.22130069129153038
0.4880556455320094
0.4345662882756568
0.281072698587108
0.6729881282448082
0.37960224225640815
0.17515722993027155
0.588341298347465
0.41950906617683364
0.24825976726364113
0.6516635779548887
0.5418857269262737
0.3260646340290487
0.810994452109072
0.5468651855288426
0.23174741955704492
0.6043777917802425
0.43695975466523773
0.3491749469182724
0.806390233053496
0.6223798219521668
-0.017233126232945588
0.4077387874332405
0.14136675635979948
0.23983674024383922
0.7737341965834633
0.2909638981471151
0.16817415869126878
0.725513096367209
0.4630733831021876
-0.1062547819895865
0.6946345588941067
0.30553713646190284
0.1998884439147745
0.6391912337254065
0.5023541377199776
-0.020159896496359367
0.3693445601477956
0.1458689740982304
0.1443048554592367
0.5265079761562625
0.1884706583181544
0.29367242157583906
0.6015090537630244
0.27055965078469224
0.4559262444710449
0.8025792820187415
0.5386473088571138
0.28842146169811567
0.6424108524679073
0.45692842823575947
0.34989460349273105
0.7569110728591384
0.42478830531285644
0.5891332013238203
0.7233752543708002
0.4852310638528774
0.3268831848151793
0.932623071054586
0.5649631144093483
0.3455979065226225
0.7432436831048184
0.5525694036869632
0.1611599795919483
0.675170681138189
0.31984060468269093
0.2184878645148693
0.7368158550385844
0.277764376253523
0.2361049431213633
0.6831279353116025
0.24943444577451052
0.4229191024076193
0.6353635193752944
0.3593571020691059
0.2882826049813156
0.334654498461081
0.22153248410967866
0.26258827746376334
0.040628104314688135
0.2108919846365832
0.3316256627984152
0.7497961632473276
0.4801333342009293
0.08481339273318102
0.1457504219800546
0.40307818799338013
0.1051733183372999
-0.004851259581845815
0.19943942492461147
0.19708135838929697
0.2268850517449616
0.009769124971463889
0.1833098685477259
0.33630838903296567
0.39950750722140005
0.40967505499571244
0.5119270554675893
0.38241338546479486
0.04050559936530706
0.5566473469455459
0.5996130475869569
0.2599959602437867
0.6269360567407165
0.35527725224079754
0.5381577674234929
0.6755741187382556
0.5468274643974977
0.40033927402552727
0.29770341523452953
0.46326160642214576
0.4287071538888071
0.5602247337291518
0.6364614690707681
0.5324484184988845
0.7571265587617726
0.6902378489727592
0.6547208646272306
0.876339606146703
0.6758914791266928
0.6086472547505155
0.6584026402088449
0.672026593303878
0.5834415139536355
0.6236883301184595
0.8357398882931435
0.5394320831123542
0.6885518249718283
0.5854599939453398
0.5527953510045582
0.7014277175922534
0.6289905670468295
0.45696227507155845
0.5409574053886771
0.5511667635420361
0.7893224440250741
0.8965728731410485
0.7260493124122126
0.5765526946571038
0.8386344449710132
0.7676830123273106
0.6898454395833942
0.875477036596352
0.7495358853274738
0.1537025319805959
0.30140387663069523
0.39263505525345843
0.15212991602670406
0.17896628052365093
0.08691902859176978
0.325680382095836
0.5114146618032325
0.21656771003836744
0.31366066432326023
0.4689463571662465
0.22807596116580714
0.18563360614166585
0.39434124319017694
0.10067685510482241
0.16124270344209046
0.3382433967970866
0.09017245899871609
0.12404687119990448
0.5127981802262218
0.15253660755282547
0.1902749922116988
0.4536126326877162
0.09248303188077694
0.0861548069475734
0.3125547481168132
0.019422676817411926
0.24929121545165833
0.5330389091377166
0.2255522376936195
0.33048640193640133
0.6196138444154929
0.3302192308218305
0.26763824294768157
0.477000405870479
0.20725216702369914
0.2153507643747194
0.47750679312991917
0.3205327865056003
0.24726163733096418
0.4935037256935182
0.2968440476980788
0.216230542746019
0.632892387635194
0.2663250125722905
0.28572713265960453
0.6630486152770441
0.30459652480464344
0.06279363149864411
0.5560077372295527
0.21619196649098535
0.046286412404784955
0.5002727643978105
0.1523801772617538
0.10115104298917646
0.4001230022991492
0.12971992011651534
0.17581528542303057
0.4640394716731208
0.13745242902278842
0.12845240659854193
0.3595367434944599
0.14207336439089954
0.18814793565393326
0.42079059930312146
0.224465692108686
0.0712065476146312
0.24300752672040643
0.1559173455984823
0.07284876284095963
0.35991159546602813
0.12082892639389611
0.28622193216214376
0.6618158160413047
0.32130828584782023
0.1361971893467822
0.3600171910556298
0.07901713406306896
0.48072947786305675
0.6719971342359613
0.5844600455982345
0.5055854243317671
0.7937845129264849
0.4786615937034133
0.42689724513828975
0.8735277545154359
0.2075334084005906
0.4592352925379102
0.7836589658008193
0.23669903075403
0.5041609570303739
0.8392813884885459
0.3831848667451828
0.46006540655731665
0.7204614366313363
0.468874757677595
0.5530937525173922
0.8640393509505752
0.5663995870417222
0.34613056345734894
0.8366032785297317
0.34569135390993055
0.32754418606828417
0.8733957943251549
0.2981819547921075
0.34652039684206304
0.9068456111931316
0.35175356719822704
0.14555477733071756
0.6132071284251862
0.20667699358149005
0.27922948942812076
0.8348532972604426
0.269544668465855
0.20079336503296583
0.6372838078664212
0.27054183229593254
0.2813036918939944
0.7309821723091805
0.30918734628645494
0.158242529644189
0.7687456148842575
0.21627349924319422
0.2183982867761226
0.8416275088581726
0.33600885124997587
0.3518920313816334
0.7134438380013735
0.4199018961158305
0.45285459305913606
0.8100478502594675
0.35048075357401
0.3342912827651644
0.7184467110788897
0.3327560814313111
0.4628526521846825
0.8143260410575306
0.46867890800268586
0.3842716856450077
0.7250261301639307
0.35918837457805886
0.32741811642103547
0.7167190192262349
0.2979029898884133
0.4791437796623583
0.9336777881166283
0.3755244085929256
0.47557974054950347
0.8088734066378633
0.44119085379064343
0.4495151906909103
0.8384928188771013
0.39634665301257277
0.42491319336144506
0.8848672361334062
0.45870318859449233
0.47543912528482446
0.8943491934404999
0.5057286785330929
0.42873118601377264
0.8141674178133416
0.522861754928605
0.23602970873301626
0.8855032959585807
0.30636448215427303
0.1494142233519567
0.7834801509410076
0.38835134017092554
0.2734211511356467
0.8590057087985408
0.40159672962979576
0.12715340636400657
0.7065482113676129
0.31209796383455735
0.1344904994539515
0.8042416293836985
0.48336334708765105
0.31297981992224866
0.7270656810015371
0.4436899039122314
0.3525458904496714
0.9157649349723085
0.610451900474199
0.4469025616873974
0.9377096515322875
0.664915841757925
0.3972573634434746
0.8913989520245256
0.6155539432858954
0.430111018058987
0.8822692035678901
0.6063718560544089
0.39971880845237895
0.8276812514739096
0.5770928299307099
0.22069800488705746
0.831089666092243
0.3915106994423445
0.2218719619907228
0.6935806080466586
0.36194555920429977
0.33412015274859813
0.8729612322598521
0.45628005967698393
0.19517229716424744
0.6330668512717134
0.3112020124704301
0.4311109780313774
0.5885182660709185
0.38734794985363885
0.5543401810138752
0.8094046218072521
0.5996746393076973
0.4997653896365398
0.7152353201148022
0.4677760517569941
0.47443666170935644
0.7548791907520319
0.5914227690864938
0.44750542329074994
0.7523979945599684
0.5130821320507332
0.5396063339245236
0.8106406069531085
0.6448131713350574
0.6705404106931538
0.8527384024230146
0.5844181029579145
0.7110965999777104
0.9729795113665496
0.6874241947127753
0.4488390872464375
0.7956654030932994
0.5185878400444299
0.11163590905935852
0.537254595397608
0.39217944421241946
0.41473394400344765
0.7323269884849253
0.30065910594437206
0.2452736645925267
0.6460341402729359
0.25528053180635857
0.27217698797298323
0.6186241155717778
0.2345154875978961
0.4509977933603669
0.6483194267736929
0.387386426266502
0.471557977607152
0.6168265509656821
0.3942970750035315
0.3985739238493805
0.569157289220201
0.35375640182221046
0.4702452634802038
0.7479677174547474
0.4351593380151424
0.3971518462712016
0.6857292394776179
0.4483199037038046
0.3636419425173495
0.55430760698785
0.29183307425957206
0.33939438602726
0.5398598953727384
0.23856217927421564
0.4604719378487493
0.5731606821811162
0.3559869134824359
0.4924217241971046
0.6429695438827429
0.38740636055668526
0.36096148848667486
0.6077489791032653
0.4522424410580126
0.3902116457853396
0.557807613216617
0.2871915135296938
0.2738170473652116
0.44653559262742826
0.26129938997792734
0.21205540490378866
0.5588335120373368
0.20203147875997712
0.3594385650410553
0.5776378981979662
0.42089564144546665
0.35557220853368704
0.6547219782298155
0.41329523713903815
0.2388093155983636
0.5587425378642519
0.39849415438886016
0.17029121063536815
0.49128255787802344
0.32479249381156905
0.13404416736932695
0.5665824588276498
0.2932345497345341
0.2640021816820399
0.48867736565955033
0.30591547060889523
0.17592963988641974
0.38563286134421204
0.25361654446628573
0.1363723595046722
0.6382808745070396
0.23697148659789818
0.28765965396615406
0.6931972716526682
0.5598996321277905
0.07530348671039473
0.7649577880639049
0.4988583807893315
0.20355111265143927
0.802423561308304
0.5696100134654565
0.23500877066574594
0.7961472773331588
0.6237818678713003
0.31855367609709834
0.8879938749869072
0.6675965393296124
0.25925221874549165
0.738367104549711
0.5549129571039098
0.03976002310457424
0.593769971810894
0.43323820434357513
0.1980256893745342
0.7712171958768299
0.587650357473098
0.17746313091428378
0.7646749920732487
0.4568566966924339
0.20017507031414578
0.6148162722352027
0.318813841448614
0.12695485093884315
0.6437796249781836
0.41481564661343423
0.19650015413853025
0.6378676857312697
0.38871531268223414
0.3274959976280901
0.6738071242225319
0.43631404735388724
0.279647775535868
0.6939809032487632
0.44209066078340264
0.25918741436312664
0.6259984287265781
0.41231260284589666
0.2686918312241275
0.6813436053914025
0.4350557663608168
0.06843091369017512
0.5287241675532715
0.2963676754013006
0.19729100091090643
0.635059158223914
0.3335057750396787
0.1583224349776669
0.531432604161017
0.35006736203691247
0.40327191537037466
0.7191532432820666
0.4484281226056883
0.3799316881885073
0.7878274615681682
0.4996534773420872
0.3696684240494229
0.7567295222826822
0.43743655495489026
0.23585700015984787
0.7193457776546202
0.31143966253983024
0.3156088031478732
0.7259948481437277
0.4160569180709282
0.2821994050486274
0.7869816388966095
0.5184662611230859
0.23983001367345907
0.6096242597911208
0.3724172224944359
0.2533017329793374
0.6134501276320796
0.46747557422497554
0.020676867594644245
0.6434115525702606
0.5071819581013922
0.18279454832121633
0.5441903949337016
0.22698302809835336
0.1950375400024907
0.4687554412703966
0.30681769890029353
0.21818056506012826
0.6683233912879005
0.32705066136249006
0.14834895325058617
0.7024053475571082
0.31677242645341613
0.10872102908255846
0.6386712344499139
0.3464794660985899
0.1564513132006322
0.5473771956579487
0.2886788528396318
0.2146263421487059
0.8476085257152499
0.4971795447047031
0.2481846058550868
0.8644873214536849
0.46548221496126196
0.22853385967023893
0.7763941978916802
0.5115500084336675
0.2643713138293
0.676948922902324
0.41308886795097133
0.2037544148495508
0.5232687235513853
0.17363662756375203
0.16506841264121863
0.7137365613402783
0.20024678376042293
0.1748569585037209
0.6165319426198466
0.21780697619175227
0.29330116351647334
0.814273802987692
0.3548472938980712
0.4016622254595903
0.8049423948296719
0.3799541485264629
0.024350551725983854
0.3936381722568005
0.012030852991884349
0.11958697556399309
0.3853899652546693
-0.06451323242255491
0.08228962666324166
0.4298220908025344
0.2434650458430801
0.015669997207115732
0.4052305712007028
-0.038561471503518234
0.00907585612997841
0.4117520361155222
0.011234978855480682
0.03549561425435504
0.5636190504067327
0.04144765165065415
0.08028636585190585
0.5252618301377607
0.12479273772413162
0.008343407912260313
0.5511242448610056
0.10215025888201251
0.07427975326941876
0.6021046370084746
0.06959424419241231
0.16299232649844872
0.6180531719209297
0.12175396503123198
0.02221351751829834
0.419069860402845
0.05213358882881994
0.1348453808480582
0.6215977954155859
0.14363480428055103
0.009079813963011649
0.5605316514444116
0.12406444476568698
-0.0018317744315263576
0.6525738617771971
0.14948450284279124
-0.01673834038124898
0.42432914931547316
-0.08489700680029809
0.06989808631654318
0.2530676852294615
-0.08809573989447594
-0.014003451777415736
0.31010113040747356
-0.1294899741165141
0.03933786787317915
0.28648613652085925
-0.11413654099968476
0.02878449606059411
0.27788222566708465
-0.11553422077582101
-0.0051679791018602594
0.3344309476362709
-0.09603067704777807
0.08815246291593602
0.39742297089303563
-0.009961899339820855
0.056422181804167054
0.4579402760990428
-0.017982119603940944
0.11847496616927569
0.41643942144894397
-0.1889679677703806
0.17693062131968587
0.5614155875653096
0.0837270475035036
0.054651545698013955
0.48783032141525895
-0.010349287665019313
0.05838990816427631
0.09398470986094257
0.13245888639775744
-0.07548241173801692
0.1530398872768276
0.12665638862266337
0.21092610773834786
0.3861151690005545
0.12980373116867866
-0.10680531419526558
0.10398901171018635
0.01850235817356577
-0.08885841361274874
0.07805599489471639
-0.18974753738515104
-0.0557285799740226
-0.0013127096409646676
-0.13177916446848703
-0.020638522100890885
-0.019588744230444637
-0.10465627527164093
0.009157249932058506
0.10623825220410812
-0.12285493677327544
-0.11801663245928577
0.19905579150666902
-0.13974079946476664
0.11478066794086528
0.3447183438183054
0.11217513117211374
0.1052972840523219
0.3646398409356081
0.08320230200019774
-0.0012731324524113928
0.15983928390781882
0.007924098586754524
-0.008155375284570797
0.13019116667621938
-0.004147322698533587
0.07668732027758877
0.2318789375799642
0.04993581546050629
0.030695104058917275
0.35081701529138665
0.18613894933645345
0.11743452957499353
0.44266393942297105
0.10146426396077113
0.04533541113734269
0.6830386566158266
0.19850867655008744
-0.00819043492146962
0.6604172152278855
0.14094757467009975
0.020136838113676274
0.7765133467366088
0.24028979129696446
0.01305756759910929
0.7136009547098434
0.1955482483608315
0.035231320689163355
0.6832034002620282
0.2277829904006049
0.12725814167792676
0.7706564492694594
0.2773764264899359
0.08115334945253397
0.7255985735100573
0.3669502578285976
0.030989483268716943
0.7092689295513337
0.2556947341360854
0.09231326400750134
0.8483864390702374
0.3389054370328787
0.061775154564372284
0.7087479674224735
0.4396336077401898
0.06455770761918836
0.5712675468937567
0.4604240433382729
0.2130619129916865
0.7526498083463169
0.48110195496898217
0.2145416096509561
0.8613244358064478
0.5663149859632746
0.34075641395476586
0.7434280387658185
0.5395271003877369
0.2545625013161821
0.7759650950396306
0.5158740316325424
0.10833085341180795
0.4841855452260373
0.22399535654043354
0.007354796370363764
0.5896345883293654
0.16110500849385176
0.06505968582503915
0.40028165048777753
0.17054717329352392
0.045668739403560046
0.5750191036484574
0.1757601608954621
0.12377931200097167
0.603025847601064
0.31326158830961615
0.0707609952354395
0.5588854315767858
0.3051392457637056
0.10846372576834255
0.6508793166521398
0.4483891862952465
-0.14440434433888877
0.419300056346505
0.2079207249812734
-0.18572405401029618
0.397206044031209
0.14006284654587617
0.06913117952825562
0.7281168161558129
0.3385742108852102
0.0373749673732859
0.7137815633908577
0.42932771116087554
0.10448315846458717
0.6193395747917876
0.3926535285235601
0.014668435744201383
0.5046153777286762
0.30225704803552567
-0.06262171825438068
0.2835493764408654
0.12153762887452238
3.6150975889069625e-05
0.4335137367272157
0.1759840808405548
-0.04304015009730738
0.22131177394636709
0.03444286956103536
-0.019229673834232852
0.10089367892621612
0.04400765654812301
0.05788857727127211
0.41738710577681437
0.28934033456392116
-0.03188200491929801
0.23706068453664075
0.09100644244256602
-0.01212877233554762
0.2683012096102675
0.080695297098267
0.1280400773402948
0.29650059918830357
0.22062518523888375
0.1592919479332617
0.45504866727294724
0.2208226323976871
0.15542308050080214
0.40095441030512735
0.18887042919075586
0.06504093366000752
0.3727403589374034
0.10672473591093136
0.23094541480117065
0.5528141448691353
0.18179466244209902
0.15161239762130466
0.32263137334093867
0.14212373541374929
0.11702000532547022
0.4433742963407111
0.21438282623777333
0.10025372417385624
0.4671277785102999
0.1968683898321975
0.22881685510855998
0.5201131348463235
0.34739755745042117
0.1651705943449464
0.5109242909769609
0.3446151073149334
0.049494495527957254
0.43030139525244454
0.2647099355874474
0.057944136673067664
0.06808140250861754
-0.009508010524452956
0.028825784558215328
0.10102524438271313
0.05185212562649119
0.04182789084703429
0.17841293203460462
0.17501727539541811
0.13346706770936598
0.23418463292963446
0.37296453915504124
0.17397252029992957
0.22737017573815416
0.38102915896580625
0.08795263801440216
0.1509718321531785
0.3316363609238552
-0.0022496853893686983
0.026419923748602442
0.14911085085556564
0.029409754448211825
0.21719634444989744
0.11673449960495622
-0.08481236938951318
0.3637662973000398
0.30134485929523114
0.21381955878520714
0.4201250279348444
0.23538410484441247
0.104142383738782
0.6404733185898198
0.37478125765410547
0.0811056167997311
0.5872936000529739
0.1622244496155234
0.04506317809337082
0.25838188306770316
0.33771765527495623
0.43208584390371824
0.44656653037232086
0.31968873692326566
0.4085739549265654
0.8009320238422049
0.6031514036371397
0.28098792576335946
0.8323596448511705
0.6998590292406242
0.4694641778148971
0.85451531996551
0.751602556634632
0.5119325227968039
0.9319600715438847
0.7820402075818591
0.4379227075732929
0.8242983750530521
0.602161089452294
0.24334060788367362
0.7570057704826889
0.6130624904660107
0.16572877998815305
0.7501387200567659
0.6411424991713139
0.26533552511064745
0.909456631012892
0.6858434162505203
0.21625947004814125
0.613599256150583
0.5238418865614426
0.5367875489829077
0.9337590110332012
0.7555436256982333
0.2974988405760895
0.7390381387737013
0.593832879108338
0.35027559760666716
0.8372201092378293
0.6679807875168762
0.2755724580280943
0.7060107231704797
0.6295549672002609
0.29049243421313675
0.7811310134218585
0.7582433709445084
0.21030427746405783
0.8543508822266019
0.7817776885555707
0.23832649410926754
0.6985997851439236
0.743939897584339
0.2887813373505653
0.8751733419680311
0.7417246748602068
0.2797522184417751
0.7416836625796777
0.7444578460137323
0.360427715927961
0.7878681656518096
0.8006288497767893
0.2674563611342884
0.7149263425737883
0.7167205702512164
0.3776149535995955
0.7953909209212686
0.7449729287219571
0.31683714590071793
0.7630444065835648
0.8150887698143823
0.3434440992993092
0.6357565775157019
0.5914494802685323
0.3230933654793352
0.6901098051132781
0.5748805203940103
0.3460392097582452
0.6948593516170561
0.740033172754879
0.31148753740814333
0.8479382410338995
0.6757592595104331
0.377130333371522
0.8105540386320029
0.7081625121874708
0.27676245043334863
0.6073390037928637
0.5363058356725785
0.28562971721398783
0.7555903848403488
0.6628257532326223
0.3547060341700653
0.5711254746698022
0.6330035061328383
0.37890137910847366
0.6994634926916082
0.536705975132183
0.3905667070296758
0.7029142330859068
0.5005954355473514
0.427752390945622
0.797739093808286
0.5820993907334182
0.41210368181868573
0.7564967475737143
0.6463099449641662
0.18273396061280106
0.5165697981923111
0.41975013815531625
0.3539803153482301
0.7896567026334682
0.5875968269866376
0.399150374630656
0.8888577766707273
0.6495056297709341
0.33049295006482393
0.7452839865364431
0.5316348458020865
0.21604408499651379
0.6431837545132809
0.5564483822842815
0.32599682220532766
0.7910103571597227
0.6241389100219807
0.31881301906197523
0.7244554050939267
0.5710041982514241
0.36647794157762426
0.7560396382848819
0.589354148987858
0.28034412262456265
0.6733614303144171
0.5388901366425627
0.2938588497633467
0.6141607746833104
0.5849164490783426
0.3965408870112994
0.7374053621833598
0.6684509774209078
0.34538718529504964
0.6388447409687621
0.5677869696744176
0.15105370817374042
0.45647406528092305
0.503342531370931
0.3209764370730802
0.807417304618607
0.6642856597539898
0.3794555231365808
0.691121496879709
0.6610637725818015
0.37771151436245226
0.7624810603482528
0.6883932661112668
0.32419102688173795
0.7876108291159284
0.6526320237007399
0.29973601293445423
0.8223007108469784
0.6325603140673727
0.14015352413882914
0.7179905354646642
0.5764365578802317
0.21997777142577235
0.6558783341632816
0.5700551904712503
0.20114851751685947
0.4811989435702032
0.6759029368797107
0.05711929646005909
0.5156399497731889
0.5655436678705305
0.11800144991245923
0.45923418169186225
0.6020076399669154
0.17716463516091144
0.5177672843824357
0.5169414229562275
0.2630652169244969
0.46629117532406683
0.5166685019801449
0.2581958062710893
0.4326735393417047
0.36535320389485526
0.2175162777457364
0.5013693511606221
0.41557924351611286
0.1603190725276796
0.23186236572915703
0.1835661674293837
0.4218215959865388
0.22083423184945222
0.3532032549652226
0.5495593959150799
0.7061103068810437
0.5224616832580145
0.5658165991323121
0.8143503681733513
0.5102795086098613
0.46387898106249015
0.7440793740535219
0.5255991933401072
0.40080288919354523
0.7372189368312199
0.48021454902512634
0.4258228181006016
0.7857927014450903
0.6201173015815108
0.531609414320817
0.704754312829659
0.5328452378581137
0.6815168396773117
0.8838353110646203
0.7118145695702705
0.4327985707419663
0.5628637388652066
0.3269676620041046
0.26221311547686504
0.41033753860827327
0.3327331478426878
0.4557349448596193
0.554872985603772
0.30986737889548044
0.4592155927961256
0.7111030299384447
0.6031952721010542
0.24816388845550638
0.744532007483055
0.7754649139082341
0.392037821025528
0.754781119668291
0.7979353247620262
0.4741377772972434
0.8632326877416969
0.7934622343922008
0.11930275798889967
0.426454317736092
0.4319754191094842
0.12026747610576169
0.44564885507514485
0.5776836789930871
0.519445407267918
0.7691501908438386
0.7706003758555963
0.3993259375314777
0.6145963684649091
0.6832151641863415
0.2405575096370478
0.7250290097022993
0.6782060774516687
0.41925013648726495
0.8072075708180935
0.8011361014039877
0.39057386402553274
0.7897560549839933
0.8660419478985124
-0.009937890814884588
0.6402145995695723
0.4586804475458396
0.11924478844048088
0.7231484851462174
0.5640436167373092
0.1396489758237054
0.3078506535785462
0.5839941570705789
0.1310055968818585
0.4706039430627012
0.5204279431655036
0.2677876781867293
0.5069066216622633
0.5563307413013809
0.22722611913205532
0.35591681294255645
0.24934276915014003
0.18897810853443908
0.44157110397398336
0.419921586209521
0.204477697152915
0.09050820284582534
0.19761841137693612
0.11626920708529331
0.5794449229922004
0.2780560588940213
0.315906670917367
0.6284963434646544
0.503428217900293
0.05450526665819773
0.6286588064677838
0.28462889535898267
0.18225925069147988
0.6558896438119872
0.37431167815610517
0.08736261594766719
0.4006017872520366
0.3268420729014154
0.23669863490703474
0.3937191570748572
0.3415802192762234
0.250286017341185
0.46246833292816303
0.4226147297143311
-0.04830233588523642
0.18241478237286896
0.39697096116576247
0.3263347762456566
0.5060440792176336
0.614402212472203
0.21468562589655232
0.375569749398246
0.5240510475421271
0.18855146834454206
0.25979186670941057
0.6091443765736797
0.14898347876194581
-0.017052842513314445
0.22295389495006304
0.23896288214018355
0.38182353154488463
0.2595399267934332
0.2841602882584927
0.48729984252034725
0.47568672818290014
0.4546080879159984
0.6861675639959629
0.5917756592796499
0.5664078035361059
0.6305935689462688
0.52398415619751
0.666251440093186
0.7965129392947401
0.723178158192798
0.6931237675401039
0.6832861943545443
0.6382358607106542
0.6293196548233009
0.5301965392516317
0.6119643435821029
0.6459409297674029
0.45383996387749626
0.5801365473625036
0.22243529177637159
0.2912677424375934
0.06954120748569614
0.3509843574411189
0.5766365729027596
0.2802854079579311
0.3217403195116606
0.20493293528826664
0.05262066651127115
0.4565870094322117
0.6749138620060051
0.2951741597073351
0.5653712080779475
0.6016935033571985
0.37758768843337753
0.32534313003172893
0.5301790451530151
0.3320305740635956
0.7132541291141563
0.7539986050674468
0.5540796817666663
0.3890533975598238
0.39597034158286326
0.4186043107935967
0.5416566008625726
0.5160527338448089
0.42905375378806754
0.6954017720813355
0.7119854338016494
0.6456442247223808
0.5817671538598925
0.406939749744046
0.40269360694040657
0.5907821558202182
0.43269853841596934
0.23827307614985524
0.5020773082068792
0.5348534612103626
0.39146118376574857
0.5235117468060081
0.58128802111727
0.4585105484363252
0.48881040031258893
0.6161695540427641
0.3542792358356207
0.5390246044070214
0.6805236841573736
0.47128290243333215
0.6756858218755949
0.8116170334292001
0.6233730825109607
0.7752998695021087
0.6192858954541146
0.556320806574595
0.6004239619652004
0.6940207373606349
0.46867135139234795
