0.1109776902419982
0.42712922516754326
0.4130715385945057
-0.047223474951234946
0.5678820112106538
0.418401168867351
0.06265347073831541
0.6037574452259933
0.23494918029684736
0.2214188725205874
0.6196625639849672
0.46904014153967133
0.3355377629027192
0.5609692549771368
0.6479274771127606
0.21874885739424585
0.6393496800897044
0.40656762897295706
0.10885303164468293
0.6885655070208262
0.5110119475002961
0.1081994724758942
0.5268244486016632
0.7801183488908536
0.032397483258036736
0.7595332269921351
0.8607007788192116
0.18329643124480632
0.6149114862009276
0.6945076880192091
0.04009619437907314
0.5238933497622527
0.6994111080378062
0.35001905136093864
0.6591580920252926
0.8290392159037778
0.3053702348582452
0.8492540974566084
0.9043695952395333
0.06303131103972265
0.5938672516188428
0.6747093078987
0.1607718093469554
0.7749391967674392
0.7232059567097299
0.07068138094064724
0.5467548048802926
0.8409340507262961
0.18426322257414937
0.43846106530764783
0.7927917925322902
0.24710868521087048
0.637182185358
0.9287372231051768
0.3446476595117557
0.5510038389095175
0.8528062765742224
0.21082768471002145
0.4262763569873374
0.6663370855370396
0.37080095640361715
0.7303936667800655
0.8746801849254415
0.5955317800495104
0.8048958472802908
0.7552769524042308
0.5179119520664779
0.8343949205039187
0.8387039739127539
0.0736023426613867
0.7237441462495638
0.6100702992712719
0.09621695151657683
0.6081126601795079
0.6773326666648734
0.32669645265813996
0.9250912064641545
0.7409244610229839
0.1252973406201208
0.7150411954986252
0.6395926835931062
0.3471544276238534
0.8312923774446106
0.9129491356078097
0.28182199630792243
0.6555648630087212
0.8198464818876186
0.30412170288031265
0.7277547157809869
0.8961982689300299
0.24052408473045553
0.6255201066753994
0.9407690125165575
0.3927779231673388
0.805028210230947
0.9091709709019618
0.3240815347770534
0.7939434937132619
0.949866741835664
0.27828167863074366
0.682522133225572
0.854432647794854
0.36723256650414543
0.6679979774140155
0.8784339967113683
0.3406225613850283
0.6877619764716638
0.8499129757490771
0.34135447023778914
0.8460193316759841
0.9183499161716765
0.37365402401905956
0.7000144490904242
0.9392234582817363
0.488600755635026
0.792462391618566
0.9408688412934632
0.40533641873156534
0.7471285771161391
0.9136379368071097
0.3317929192584005
0.7058450145492853
0.8942265618223229
0.3697848067761209
0.7281290384433942
0.9266424527804691
0.25956017573556944
0.5175999298653647
0.7991757142740548
0.26849855698886976
0.658551873860242
0.7752385567227775
0.22472963830528142
0.6102333957249458
0.7945101685180127
0.3306026162858967
0.5428154598678991
0.8145665007065872
0.370210857211892
0.6455864892724652
0.8864227964600293
0.2596056819207434
0.49107220692635
0.7778365752514023
0.3419296286347468
0.6437343450559425
0.8944184116157607
0.35782393027648796
0.7474677122789811
0.892359724895856
0.2997106768311493
0.8456074752338707
0.9632414472999814
0.20397687250691682
0.7306741308047235
0.8846887364215197
0.22901939357103465
0.5684416219893086
0.8184561760077721
0.24730181317637587
0.6763102302673052
0.8685927286048772
0.36800923977725564
0.7165132065958528
0.8710119260605649
0.4054553215364708
0.48097692608572296
0.7456277459369145
0.3158332967597959
0.4417352660538776
0.7274167625537371
0.16409390652923855
0.39950032272313635
0.6997632526072249
0.38771366777622895
0.691234967223513
0.797753268476171
0.23147658198419377
0.8893699646711575
0.707082861114154
-0.046225337845874064
0.22549157175712492
0.5759948908731904
0.08235760200066099
0.49362488943099014
0.7316217256527379
0.13128066625176252
0.5808617940627121
0.8916411363562798
0.3171946654741816
0.7205988834076448
0.9438856643635491
0.2849329996152197
0.6586478681296778
0.9439896705608992
-0.08355765149826314
0.45217344056227393
0.4687192402283404
0.004237466800329021
0.5274534147876307
0.6489656386510492
0.037220030958222045
0.45187114179815535
0.6712379852493706
0.2009787130815096
0.6280999834747534
0.8257071765590769
0.06648924195456513
0.49785417915492103
0.4602215748680998
0.21434650429460111
0.7351345523052351
0.7012752805136757
0.29556718266838733
0.4846045956386772
0.6817292476536305
0.3396402228244422
0.666904920517558
0.8277925261023447
0.2564604305949002
0.7365600317278156
0.7295464866565451
0.15893594173771308
0.7138716164912142
0.9330756172790715
0.09339895467172293
0.744464614987606
0.9377088841255243
0.05643593777126614
0.6349521113315422
0.8846050466177175
0.05074118988131343
0.7719807486927149
0.8408852929213442
0.09109958588178178
0.6991403380934746
0.8086442975538536
0.1417512827838168
0.5563365259668309
0.7569863254520175
0.1613802620813572
0.6497496605021951
0.817927797652007
0.10124598288206606
0.49546139097820574
0.5741982812347872
0.14334054898354853
0.6474166162914446
0.817551547353287
0.22684939827861428
0.5151577764664259
0.494242819296561
0.24916679428846636
0.6826799805244713
0.8253733093052837
0.21646943601877555
0.610561314731593
0.8816203154785367
0.18870258526568806
0.5711724155660436
0.8140029869817489
0.34584359967113026
0.7488490260769065
0.8526133875594061
0.3513167450121304
0.8881899985711685
0.9510812013780652
0.25806873088331683
0.8255779602586207
0.971831790172538
0.13271138938440172
0.47559210540940167
0.7344095516908031
0.3681652240967027
0.7742465079625751
0.75934748214273
0.2813951436683698
0.7934547929325866
0.9430112866451883
0.40253029684924335
0.7481494780233441
0.9118494395424418
0.2504509066660605
0.7941033304851834
0.7404615079362271
0.2984800014784218
0.8947252364560738
0.858237936836461
0.3341520262053088
0.8883206350600432
0.9271257970221678
0.27636052976184033
0.7235042318432621
0.7727404327475271
0.40315559694552594
0.89274654889546
0.9092456060381291
-0.07484586753027597
0.5085576546790597
0.5044341978919168
-0.2492928450289527
0.2416387546220979
0.5144777936766192
-0.16797607779508367
0.6413746657237364
0.4235202698585178
0.18876788394456073
0.4346276728948555
0.4238793687614363
0.1519064044797881
0.3174049013752119
0.5587269794324509
0.0650800594322129
0.4146241628225157
0.5401323253855521
0.10259576391842257
0.4731825540816056
0.8187860410624985
0.11534799123324518
0.7701580983626151
0.6765739727213296
0.15900438436532713
0.6431717750251931
0.833296718160584
0.06794596890081024
0.8645554027885436
0.7049875731296633
0.19406573626383425
0.49734089435158396
0.7434197302935585
0.09304833611016236
0.5365125252121837
0.8229199637730817
0.17349963590840312
0.7307307426922438
0.7795023690301797
0.1546089959479383
0.5496991251279553
0.7051225389471163
0.05253954242070117
0.6200406710465818
0.8610984222530644
0.17660173111461247
0.7643403015582171
0.8840754185583622
0.11177581825725241
0.6884596670881744
0.9232441215074333
0.1819725681031763
0.8340188832099691
0.9514634684138261
0.12280991154604934
0.5403793538854113
0.7275645596706465
0.12195417303467221
0.8732607642862195
0.954653405137486
0.14507504580369315
0.7818174413532848
0.964484203385107
0.12468779611904415
0.7694061551192102
0.5244406161936311
0.19623392629121783
0.6166337588056284
0.413270028526447
0.24140036934520273
0.7763332708220412
0.7243344565664547
0.24615352747257452
0.8730560937511004
0.8361290805280268
0.37218458427019685
0.802290153758107
0.7615773874978391
0.3473102658034721
0.7979792042614353
0.7309024315460636
0.0643937974706005
0.5884969335125924
0.7823239409968659
-0.006670848353225773
0.6829414874881818
0.6800487182099112
-0.0012207293054392627
0.8146674424357407
0.6129441131282393
0.1318450702497684
0.6614744459366247
0.5935326377531545
-0.16539089463919726
0.6541781135184619
0.5536473396087949
-0.0029747029958109815
0.673271403963499
0.8057069955656986
0.05569203138888164
0.900729705160648
0.8931356335128502
0.03887836456041589
0.6611930062464193
0.788096378428603
0.17707158698873704
0.7432692506139988
0.5088487532023298
0.1260194462777498
0.6774211496194014
0.4638800546457046
0.006907626281720107
0.8443048403007476
0.7301644803449406
0.27435483431868546
0.828669728247196
0.8431632590910986
0.27323214131651363
0.8356516219073848
0.7230838953378784
-0.010601963760864584
0.7562774731937123
0.586813535825764
0.012303684148422376
0.7649600321701291
0.6621401442515711
0.016881765498436
0.911826539566602
0.78785446204264
0.1748918480703527
0.8705192389517802
0.9158927360608639
0.19452111832472502
0.8828966908946598
0.905100907349861
0.058231578137693224
0.9194917898934576
0.9027321978686735
0.13520685710434233
0.9003827849497599
0.5518587308184281
0.27962639969493464
0.9495496960136379
0.8552915220468202
0.25953644101828194
0.8484649109568432
0.7551743677993772
0.2131110202327941
0.8663862256061327
0.7964169131622763
0.19525032155091945
0.7325138536730778
0.7659316821127544
0.36490950749243495
0.8254272484088432
0.8021732547779644
0.45425858281620424
0.9894152404093866
0.9045622112775306
0.33997453439728315
0.8287914517447792
0.8229983641531443
0.07526860033066399
0.8555696739313554
0.727095444028417
0.10045003252154901
0.8372414921837676
0.5888659456682369
0.3086193116086706
0.9341153709621116
0.734892288509429
0.09633614690397088
0.7651329685218602
0.5944586587677745
0.1568766028753084
0.8930843241002329
0.6076445189935775
0.24954784974911473
0.912816481441663
0.6355248950564265
0.19853047874545482
0.8451711405764932
0.5367951264011243
0.2599974244864698
0.9217312627234511
0.6040494386569308
0.22827888806449115
0.38376086875788445
0.7224187076457684
0.5891465815808649
0.8260004296408069
0.8799579030372027
0.31824184566380265
0.735517395498182
0.6460597266697732
0.5464649819934972
0.8454489681934418
0.8783430249689124
0.4123108868403944
0.8814556030005338
0.7647443255683047
0.5308418937119974
0.940724258938799
0.8207816211171097
0.38461546264300006
0.798440143752263
0.8037069150674323
0.4638363857460685
0.8149064483333348
0.8208740688404161
0.3208145628003471
0.7765629920319728
0.8355869599509607
0.36510541903799193
0.843027189769642
0.9240668653158844
0.4929604232654682
0.8763918740818859
0.8930229245229149
0.2866055015494285
0.7707717278420612
0.7427017982359969
0.23581817519481785
0.6676745649048177
0.6821820563353189
0.025006213589472095
0.6060776410170292
0.7489091861703956
0.150171851462368
0.6830471858333483
0.6575652649354541
0.10579986348986059
0.6169133338033832
0.7534218316765691
0.2026208116219464
0.7212939241265773
0.8145669888541043
-0.02835139563774025
0.6978991465542455
0.8109212909572447
0.20836798783758648
0.7953056449697323
0.8656045251366296
0.2627401157021653
0.6547834088515543
0.718341077432221
0.27384403055525297
0.8664924819905215
0.6489170121170891
0.21953592366783586
0.8221782908523709
0.7057611965952593
0.4171484831510099
0.5374184714984109
0.5424420729694861
0.46736721676577553
0.8228367665605805
0.7263519455861662
0.3729025290022443
0.6944567741137161
0.5649852710744374
0.5684748943156592
0.8966930516294629
0.8798570020110743
-0.0521367301894243
0.32228244714809556
0.6475838651400219
0.17685365692181426
0.3541033219895311
0.3548114094539652
0.025270926879888553
0.2980261148908224
0.4077498272692306
-0.04907669709872771
-0.050755490632298964
0.18528841376772992
-0.1372554927838942
-0.1995973372002362
0.08031177614507307
0.06930497882846627
0.1242022464325939
0.1793905550016091
0.04283262922080666
0.08179747374297897
0.2976101374934347
0.027173441188590948
0.09746670081766598
0.25111787118551454
-0.14288326917347355
0.45469566976837317
0.45309418835934434
-0.48318423169089175
0.12160307453016217
0.35319178186993094
-0.3331860506991088
0.19629614645329296
0.1390692367407777
0.12293636130165565
0.4648830282821711
0.5714477841709952
0.03811755419433789
0.41011914958652673
0.707342069469588
0.22271441615150617
0.66746447421048
0.8168460270427149
0.15943632494962795
0.4050336975185062
0.6096517204503895
0.05613560994271854
0.38621103528814726
0.733214232202585
-0.07243728635090169
0.2766604214758965
0.7326422035958372
0.04639074620427946
0.17850268273713732
0.8295044054737
-0.00037950367576691964
0.005930115098950597
0.5934118601219961
0.05351710468532517
0.4100228164539079
0.5749834060627201
0.1977330618378601
0.4631701815961786
0.6437704435754916
0.25086128980934197
0.40722154904793173
0.6955112217798533
0.09895876306800704
0.240623081654546
0.7507539165213752
0.19059905580173056
0.3806599193689354
0.6421105469190368
0.18404080642736773
0.5150483148868416
0.8618405575938026
0.11147334298145033
0.39103462535511635
0.6919155838363844
0.14225154150418023
0.3929353280226736
0.9151763961508703
0.10070535046837396
0.4690689384066855
0.7088548604936933
0.12468554411709476
0.534395341331092
0.8351272186232981
0.07436616515200384
0.3811808126225391
0.709337526090569
0.1413611834163348
0.3533809443716645
0.6179874310703075
0.06201586208671263
0.47298681967247724
0.9280457549641246
0.1106004603808621
0.4813806052533977
0.8841414456615264
0.03957947064609362
0.44800922552673417
0.9640222074171587
0.10373861663684669
0.439512785427832
0.8668905499206216
0.04801830080859573
0.4307672088538712
0.8483941219726794
0.028177377700073142
0.46158595966857685
0.9058322872983596
0.015001355745660033
0.48854602634653954
0.9604267621146059
0.06337380543747947
0.4518599307028892
0.8904073396430697
-0.05550169662524006
0.43483026457906715
0.7730904459900394
0.1363841453895154
0.4631983413900741
0.79000889326249
0.29054305782898865
0.5110355956060126
0.7332929189662216
0.32637050609709484
0.6835426033667715
0.9095596748826316
0.3013420938814929
0.5912110433303831
0.832267750353189
0.26134446564426517
0.47900875706540025
0.8815316178293914
0.08204745263437069
0.294700865782679
0.48002042221579816
0.06074482601718428
0.18447734824023432
0.6354079667323995
0.10607927909164927
0.4362114068614663
0.8256358247018063
-0.04647119978796748
0.2589057875878491
0.7381768211562363
-0.004279493108442736
0.4752653239092075
0.5713705697142575
0.22745083721297324
0.4217665411943645
0.5657853510414976
0.20064569362510465
0.4788452976554013
0.7828164441989158
0.08814241193749828
0.35998025990466787
0.7328404533144344
0.022650730828597983
0.65398687096569
0.9302635893319644
-0.012084659735056652
0.6233975319877547
0.856753196820117
0.14420933811387754
0.6534696588385625
0.8897892376463873
0.16958404635482202
0.5604720095927804
0.9277480283644839
0.13206409715068693
0.5478832193939183
0.9277493025041899
0.16437771422893885
0.7577237812391285
0.8873654984936845
0.1911778925623136
0.5947855253311646
0.8720365416489755
0.1555788389911918
0.5888573686609617
0.8569081284813258
0.08873194144185714
0.4911479263975478
0.7868489606052196
0.07455963680978756
0.5221941081064658
0.9054614547106565
0.10625380099005363
0.4853432735961424
0.9177024023918781
0.1685798192897378
0.48579267421209094
0.8571214249215164
0.28108582575681174
0.46997873053532163
0.7242018507224358
0.3100850851770911
0.5171901484836704
0.7947672430232426
0.2527146881030561
0.5912007190828862
0.9569643531496571
0.2315176952561877
0.5519070342592518
0.9087225557179227
0.19378254719200194
0.5045382243537017
0.8800223357818615
0.24909034355509688
0.6165158373610266
0.9238988029363655
0.20827635544955914
0.4668624702762092
0.9356455392967824
0.05047518585347882
0.416477553737072
0.9544921485489299
0.19452965818383944
0.5286783010452909
0.8493189877818337
0.20352128557740387
0.5344400745881651
0.9096915943906054
0.1952454401500507
0.3865454844318058
0.6302568932589696
0.2725068350539631
0.5384849445002432
0.839740276432869
0.1866852827782315
0.4846968676851057
0.8619789714714834
0.11443606393812851
0.3271718155127751
0.765685087642536
0.19100863558669157
0.4689697541471944
0.9376207924241079
0.032375790965539344
0.6187032467252452
0.9589605557759238
0.14113517774904777
0.5004044267615367
0.7527336862952911
0.2562955563659518
0.7126906665948837
0.9425850086179073
0.15343336005699276
0.7398750901141413
0.8732798385307631
0.2723754817577873
0.6067694202138395
0.7818542346004203
0.2820918312865971
0.6068586104340585
0.7941696877600841
0.3024686011851222
0.4381785290240896
0.8574142358316197
0.24321235970802113
0.3840168284297813
0.8257671460959253
0.22264054355155796
0.5104239367049984
0.8187278691647062
0.18664869427873915
0.4819727243256561
0.830771242614575
-0.012201149884747254
0.31832653221060697
0.8550080123064547
0.18994714818701874
0.4348662184729809
0.8867964163670143
0.12810139838887513
0.20404993721899195
0.6948179233385936
0.1297448398187357
0.4119061716864195
0.893916869233992
0.1276360550030521
0.37864545985807396
0.9254647629563055
0.09335468505524161
0.3752612829293184
0.9305747371931484
0.10878196596250728
0.3596469665311086
0.9118423257955048
0.042632801681821805
0.35284238516341637
0.9272459670259989
0.04264707456069676
0.411416114184102
0.8704761183915717
0.09836345917706382
0.3606846034655359
0.865469040123022
0.09855512053316348
0.4257100170367881
0.9313344674716106
0.014709202589037372
0.1602483994855404
0.6778743171227091
-0.16210380133360036
0.14914965373864925
0.6269964107292314
0.05455064196395839
0.4065615676569606
0.8149001774896294
-0.034671415414426046
0.16535385788903995
0.6512918562064978
0.0032725434771392597
0.3527704776437046
0.8197162786065644
0.09253745461357651
0.4673594213901262
0.8834812134481496
0.11001129931066936
0.4712915028623357
0.9018961260649678
0.16878976608568175
0.3875953515867789
0.7859516098874508
0.10229255784081516
0.4587136177366147
0.8729482335320234
0.09498131040649904
0.5441416192181143
0.9330812909838443
0.10236125923464029
0.505891411926334
0.9051434678633881
0.07036092182693576
0.6288858131935109
0.9909046264410151
0.12963872688799027
0.3772781902156941
0.9074598072832538
0.10293639610553218
0.3380871828419807
0.6992983064206371
0.12074471777939888
0.24789819006063465
0.7383636118539891
0.23225779023034712
0.4364047869112131
0.932354420339695
0.10867227070112331
0.4500054135859092
0.9508491544557613
0.19779577043709512
0.38235979107251133
0.8991216854433115
0.17257491562691324
0.37797449734944605
0.933150504778387
0.1651092820354072
0.3186640114048213
0.7855605084192814
0.13640335878898482
0.39735063210133853
0.8794669166815615
0.06385183801578122
0.2735177690528292
0.9010604344415203
0.13760702309572861
0.42468022146604567
0.940054396788824
0.13494380939202327
0.3977949437333691
0.9390369850823368
2.2327215454039095e-05
0.4509184196325998
0.86114374162508
0.04607348941424354
0.36331509943443097
0.8455236848169292
0.2236594025079373
0.45649517739336887
0.9269195912927952
0.08328123395620754
0.42990851484334247
0.8789227092092704
0.14693438043673282
0.4633491113049
0.9756315614260189
0.1031093958456363
0.482087009764516
0.9397960717732876
0.07198088927137661
0.3649110441520004
0.8896878834709535
0.08897281226945464
0.4036602813217608
0.8108035309365219
0.07528877840592102
0.39215377282613
0.8294092260234733
0.04688505317463193
0.36655821917870957
0.9059741973483106
-0.034854709089320195
0.27404253344946977
0.684404240878298
0.0195644359715828
0.27616507812419333
0.844298418448048
0.03414834374578975
0.2268230741236194
0.7391653372564924
0.11494494497488328
0.39526492959474757
0.801770753459003
0.10867563830255327
0.44379917187337636
0.8675160085804037
0.1657796777168065
0.35335583282524496
0.8830578036481207
0.06644921141111419
0.27436516980763154
0.8924643712721965
0.11439988600991516
0.35085197064051454
0.9026036180223252
0.09724058025925997
0.2927889215817724
0.9328499820885428
0.09062657304122924
0.3804593285005212
0.9043666488134474
0.14288817327987585
0.3334321897118564
0.9513699398959956
0.14599678664018156
0.27407304882729155
0.9752679833105005
0.1415618591219111
0.31175245587101935
0.8764234351850169
-0.0009635687571570885
0.2300743317185725
0.877648227060708
0.06542530547060839
0.18443049931084943
0.9139285593612642
0.006457194931671288
0.13579671423083614
0.7916088768718945
-0.05335059407785551
0.2457916730221648
0.8030383585459886
0.0832590203029282
0.22483274344952897
0.7625982779819112
-0.05854456221031121
0.2303500992236709
0.8283454610931167
0.031354445514368244
0.2299352262151617
0.945107089260339
0.06957085594778512
0.3092347331013169
0.9256120938867121
0.10359574449577441
0.07062100481164262
0.8050555303335307
0.13853571542652243
0.3773920404656235
0.7789165250474983
0.07255535074232489
0.16634448989929213
0.7919435962115684
-0.029655716506470205
0.3280661537694872
0.82855418918766
0.2869633529743131
0.400490752386805
0.9014241286731484
0.03208224090446424
0.2147100005241251
0.7426157915734626
0.0238812383728766
0.15626179515519362
0.7818385152891307
0.18070830469662397
0.2734246236260189
0.7519088152557593
0.09071024907323477
0.7241624152685777
0.7196481050986405
0.2763829844598558
0.43311029956704966
0.6913957554377497
0.31118696042551564
0.4332062866408505
0.7588227042636493
0.144708186664032
0.39201967294971
0.7848269087727633
0.23704539435573874
0.38598289346916104
0.6458141999857887
0.041635712290983534
0.23037418539585836
0.6500008901759665
0.1549790881596767
0.4801934985620011
0.7941979169782725
0.0832330422875209
0.24452446587145255
0.9053621595230542
0.24150927111732182
0.3104914314132339
0.9359522167041698
0.23177096036503914
0.26701931545415397
0.9319676256198972
0.16615317420993153
0.25023576807616976
0.8023147857154004
0.1920453163957009
0.45874669037004684
0.8801814741456799
0.1437627162582043
0.46269879540714587
0.8446183751739232
0.09706370400664192
0.3971977319016291
0.8144409479640584
0.07062372686847827
0.34298033208899614
0.9060184492264483
0.1446497175181383
0.4070277610908427
0.8929566838760322
0.2252034722201682
0.5306365498043959
0.9524453348616014
0.013174974674580904
0.36607506484212066
0.7301886362141023
0.1615324363637669
0.42222958268569727
0.7958231563966915
0.02417611589259438
0.1370448677434926
0.8928725134816706
0.0784746770591062
0.26498573028698236
0.8651774036820554
0.04861106317719759
0.2767356848567084
0.8457094875012319
0.09590976376736587
0.19478727947843744
0.804981770951852
0.14986004788815604
0.35588468647501914
0.768947021099606
0.17673917586147042
0.33606011918549983
0.9108154776395455
0.06688717072304218
0.34816187869256765
0.9532363042673202
0.033465835241112116
0.19228353916371468
0.7424063310411748
-0.02278996598519601
0.24998368339254168
0.7399316777902857
0.21520411229945477
0.0880272861783331
0.48169037253071934
-0.024281107810741394
-0.05187406345843758
0.6021844926973652
-0.1684614255302263
-0.06779703706312781
0.31088149074197524
-0.18660708623029149
-0.1430905488906578
0.38796003446606697
0.06521259853787598
0.007025621184497614
0.5467092300278882
0.007061094111544396
0.17256853614407858
0.7724217002750757
-0.10050643404484105
-0.08664196450667867
0.8087081492177286
0.05640593405533142
0.07890020447705608
0.805149391236146
-0.03541397701378499
-0.019717511090002936
0.7806364120013747
-0.17472736506157505
-0.13546345882452102
0.6638412691853672
-0.029783244135002294
0.043623176705645125
0.7774784260132572
-0.002674271048255005
0.110301911397792
0.8268441964723648
-0.06913568940052452
0.011494022147729765
0.7208164411297788
0.025227748340358527
0.13732648147774157
0.7113274775730827
-0.0052783247696412475
0.001869545344930116
0.6664463952489865
0.03549623062211309
0.16455538417620438
0.801728063997167
0.1145147845992277
0.18189275238880032
0.9209297591496215
0.10964743800966609
0.16570161567961414
0.9168966224611934
-0.0251195394257121
0.35548870809798316
0.8454918481256458
0.040340867468744844
0.2453218802560464
0.8366321793793332
0.028786737826247504
0.2577234657690893
0.8166967537362115
0.01630236420137146
0.34904493060822456
0.9294544761492318
0.0035150469123124044
0.18438693798477016
0.8397796023598667
0.12152289781664868
0.24499514752098794
0.8289366732845012
0.06374790249462346
0.22983115176974594
0.4776710971207748
0.08918222826730143
0.14202385222556824
0.5869304555033097
0.026308834351766393
0.140628708393568
0.6818618285229269
0.0598099834520846
-0.09607852161263934
0.5331617998555065
-0.0555191531703985
0.039449354233869506
0.722683168676262
-0.014773842395571814
0.08153556513236299
0.35321366021596245
0.09969966279075418
0.10903447244887864
0.3683461141809384
-0.04508231065189738
-0.01307742441166486
0.5020817720589401
-0.10216020846635311
0.14866591673266272
0.49515988252747956
-0.007470584797747332
-0.018195445630900912
0.24980411555929133
0.0003955915779450536
0.11337576198898235
0.46658473169816983
-0.14722768750195037
-0.0031899050042966948
0.2965252794446034
-0.06326411692336159
0.06414559806860204
0.5752666402746521
0.06006959315399267
0.16139967386828774
0.7819213238527762
-0.013118675526473993
0.10336059050705432
0.5239710659620521
0.1119884107266661
0.024408247528940673
0.7307702412093433
-0.08004541976049671
-0.029566016834289926
0.7109262362390629
0.03283011843716944
-0.1285826187111907
0.6606688135130091
-0.04691358698523973
-0.09719678076021153
0.6035555500106327
-0.05666585205397113
-0.012495922907357364
0.8460746621462676
-0.0009430222599442623
0.03487989907698298
0.8485401288357959
0.20328571369537968
0.2846783479054652
0.8568974567409134
-0.0014890944035621796
0.0996998658925175
0.7495654746959413
-0.038078355145327786
0.04761125925873756
0.9019585090462306
-0.006631966442907494
-0.011771468947394031
0.7964305850107842
-0.028401069866667943
-0.011921397085826903
0.6862298439487585
-0.11198210985601253
0.11226426302066238
0.7106709617267634
-0.09218004884584044
-0.03854558123836405
0.6931127805003895
-0.003101008289882124
0.12195604613984393
0.8531519156089766
0.01724482706336783
0.1527923640165924
0.9324475338248669
8.471607584448388e-05
0.1549407439352865
0.8921420511148626
0.015249819357155286
0.18839761901626217
0.9127681209624918
0.025421857995951862
0.18414763304525872
0.9176272057178805
-0.014358368923118786
-0.11291594228598167
0.7564449814923625
-0.024957075677790735
-0.12662651382614368
0.651467696262678
0.03659031942825331
0.028099496857799323
0.8079533361263057
0.1013338298112734
0.06040586757590839
0.7852206180163388
0.04405562327405559
0.07078255300163515
0.8103964308547108
0.06265787262985187
0.036775238979765444
0.7133334214679212
-0.009902781350623144
-0.022325636575598395
0.7861226427493709
0.0003014399308149396
-0.05127826893594722
0.7080928865490694
0.01598440930983616
0.03493021365018165
0.7334707089123406
-0.0038739711509218977
0.1234865947225712
0.778667258451732
-0.1280380362747168
-0.19266463362044167
0.7165144767527987
-0.015166471227566144
-0.04671332840763976
0.7411012454921122
-0.055017165262689856
-0.09917547236637263
0.7828493119193473
-0.18996416736813557
-0.23164633800675738
0.6037177421942383
-0.07909039560693219
-0.21141722897836754
0.602263839486519
0.06460466774806944
0.032742748634039476
0.7163197567709119
-0.005197531373319563
-0.000953395997449885
0.7407579194687908
0.01985957817901708
0.01888624931610781
0.7242863826649911
-0.06419687698088147
-0.05233895289343093
0.6302630736454211
-0.035726175643693736
-0.015181853062546555
0.9171628752071299
-0.013744371603392338
-0.08401793558114176
0.757768170151397
-0.12858853503541745
-0.2795736502933554
0.5001726053182597
-0.11951833171098211
-0.2816312643721302
0.5432603555241208
0.02222584840482506
0.4608261064389696
0.5730722611953937
-0.06965273921692988
0.3703161785545885
0.6104561128350376
-0.029881222919951093
0.14244092122545982
0.3971822899661962
-0.09317748915047196
0.1180273453265023
0.3747047650190519
-0.06960126520570212
0.07436156845930482
0.36835290888438077
0.15142829725233586
0.3118295455461526
0.3971087788666025
0.14040977430413032
0.45551786905134306
0.5421437333824952
-0.005365547591806333
-0.006192381826635961
0.5485262928170177
-0.05784275038326288
0.06176173922771123
0.795751407825287
0.015576771727127512
0.31988344022894044
0.6702849703727275
0.0985538278258048
0.33350498226657005
0.5970025480279217
0.12981530347910628
0.33502858882806213
0.6962206929522273
0.022534947998303575
0.12322293628547423
0.7248811235163128
0.05603884907880553
0.32193779963080743
0.7491779171366535
0.01759849745468011
0.2031581064351839
0.7040436943181412
-0.029464101386529953
0.17272006872914658
0.6838537369178305
-0.09300059449264511
0.03222245752596639
0.6809937082044305
-0.09953350182374196
0.12655640680514765
0.6938962473426386
-0.0023491195629072197
0.2690075257639274
0.8623566347439112
-0.12851455169293352
-0.05647372196075183
0.6660831333129966
-0.1577331250839814
0.03718083241139576
0.7633413290654689
-0.10458863032504738
0.0716219443733742
0.8290871879872272
0.0031297305496699335
0.15177301121008763
0.8727700492610311
-0.0034497342569703446
-0.042382778200440424
0.7868495312041234
0.08057727941941095
0.17066575135492176
0.7755645680465335
-0.03598028314529138
0.12861136963288816
0.8086793803954234
-0.2625747494886364
-0.11868285446372459
0.6331670601604753
-0.08187322290416135
0.008628058327788827
0.836127383061024
-0.17775826647114096
-0.03776850813066982
0.7456483079898037
-0.07423237899425786
0.1647436390909885
0.5972143257004551
-0.07703756567857754
0.2393720570414435
0.7853971617723314
-0.27405822549633774
0.04978869255079417
0.6569028966524212
0.025513428626449952
0.22279841274457635
0.5618664167424807
-0.04813072031788191
0.14407288151387634
0.6634524042228926
-0.005726690227468195
0.26297133013063995
0.8536532381868615
-0.11380285625569164
0.2097955583525558
0.6907305840311013
-0.006177134654876404
0.001348034748234514
0.7246439378547438
-0.08942021898023
0.024254675160671854
0.5803352614712538
0.06241736206011581
-0.2083365364487092
0.6842515147028745
-0.10274644838486668
-0.026265554336428045
0.5811393699645737
0.06172638173685766
0.13759153896773757
0.5318655236525724
0.04597595143124217
0.14148879491852046
0.30072176510840054
0.044008218571084244
0.043608223747506294
0.13275843060719578
0.012570470148511037
0.1774893861342507
0.3215175231549433
0.2172724575575657
0.31482222271117866
0.2922734940230927
0.061496045681027275
0.3780294946279133
0.404778996578671
0.0920444091440743
0.2563850647206131
0.3689745333216699
0.24231406943571865
0.2388620762107005
0.4860456058227331
0.3557368746241088
0.4849890644167081
0.6801209083899401
0.44926295464332944
0.5516809083115946
0.6651813744750221
0.5456921163549361
0.5609033090089661
0.8137592536190037
0.3101574274471581
0.47499241641901324
0.9560632532098192
0.40765832792014844
0.41317395825384184
0.772722973378097
0.24207739969826259
0.4488914250330691
0.21380350793387193
0.1660183146029372
0.1635258349602791
-0.0385830706462874
0.2626198458135982
0.5162620079741396
0.03924943974104271
0.07613277448634369
0.020263450594605274
-0.05379528303680591
-0.036585806957556005
-0.044480264601191866
-0.041761526252129234
-0.026603135549812362
0.01559408200267834
-0.014273633058258645
-0.12522804658779052
-0.06612368748851248
0.0645922629435478
-0.09454154318548486
0.12042734016244643
0.29701580428541885
0.01921268559167267
0.2677573134552516
0.20731466716794422
0.19729394083332905
0.11117287380104036
0.41541710658638864
0.11392800095091432
0.268848928821538
0.3939597867680024
0.04818185581431479
0.07100649748721752
0.10833301173035687
0.1925735236547972
0.17499957501100838
0.20252095726777905
0.14480842363077756
0.09374004598206004
0.47894896001874376
0.4275681899447461
0.18529382598354022
0.24339312581963035
-0.011979674079911677
-0.13079315016721965
0.21005763079418893
0.17276999316017108
-0.059653893044128166
0.12144390046183899
0.10915915717793048
0.2047538590337062
0.7051796288235108
0.057164759136046406
0.13006079367219692
0.5603579074646434
0.22586726064412252
0.09311479978649483
0.5988828174755465
-0.014318999243162017
0.06060515568602908
0.5366393323490086
0.12596441262851446
0.3327707079704024
0.6965967059872052
-0.09906389469062313
0.07831430408318109
0.5505168611753877
-0.052938911699831906
0.1501306053454733
0.6162289201442624
0.07079633794670309
0.3064952470413871
0.6178632894774859
0.014591040433968541
0.18283348982840547
0.7385054937041249
0.14876899299303742
0.31598377787785137
0.9113905015127703
0.04324234101075958
0.42195663564190605
0.8233846364389896
-0.018599887679026383
0.4221848238011038
0.7956431163055575
0.11872093053246667
0.36887334922223847
0.8305597287460249
0.051013590065018814
0.3622410645203043
0.8386742332087085
0.17295418600013684
0.34574013175126106
0.7565810198749061
0.04795464571523947
0.08530644215587233
0.7728336175053189
0.040414170893292856
-0.018750034955165557
0.7545755709334432
0.08365170148652283
0.14232784491196854
0.5849779623522047
0.0003178984449146251
0.25142942106881827
0.9739910638624778
0.09535135318053575
0.25805308713549413
0.7337061218928251
0.19317759154082262
0.2509267879777186
0.6062758413134915
0.11571046747494337
0.3385739960561484
0.86450775556841
0.045865379770814826
0.4981528549748741
0.8073964029759328
0.06340545233232245
0.33725524488861713
0.747280441192355
-0.008608945944817502
0.3588293976551216
0.7794412021177043
0.11074058232247525
0.5548331454622222
0.9241099106622828
-0.02816921816916123
0.5555198017045334
0.8783847752183289
0.2979545992151544
0.4343535530717142
0.8408800528491036
0.03534892152737538
0.3300628771923096
0.7060730180345111
0.2538477567859442
0.6231377123522366
0.8993855480081259
0.2506103762676313
0.6713454479414092
0.8838156574844658
0.19324490515057807
0.612141736813505
0.9360765303750809
0.19579281443105173
0.6565785095069203
0.8710778199160345
0.18049235277573483
0.7245515162276732
0.9239316928216157
0.11314685188017204
0.41414842042988165
0.8234363191941144
0.07469589647767004
0.5815433823903577
0.9885786220997062
0.1788014284961775
0.6039851880640027
0.9786666670789091
0.28503196425725086
0.6563498431365407
0.9728197971060586
0.1577124638623821
0.6514479655903235
0.9148093523122998
0.22144784432291245
0.6320326293310475
0.9022304566846931
0.152944492214716
0.3965954417955807
0.6973876724819186
0.2539130272600246
0.5208056309870522
0.8293575853414165
0.27775594418786514
0.4941935557784197
0.8308897031869992
0.17461982881766852
0.3838970532642886
0.8143019844497648
0.26229460804038707
0.6025815594970154
0.9067398565536504
0.19441184421897822
0.5839496437468146
0.9225834023762607
0.3225715224947136
0.5765098253526999
0.7180335543658847
0.2949271820289203
0.6018361118398114
0.8238122947045324
0.23678375268093554
0.47775831545186564
0.7768987572783881
0.11984014956779963
0.4434237150401089
0.7873441232930245
0.06739814135337689
0.5967632287726229
0.8731855427657061
0.045055148235520454
0.6447835776011819
0.8720788638298089
0.11705275323947384
0.6050256272407513
0.9125636250644397
0.22897011878547968
0.6256223205415729
0.940244211872127
0.11650638748025094
0.5665183661288477
0.8650397481786152
0.19465741441032247
0.5622123202553168
0.9359056001032895
0.22843297897809525
0.5744793850065943
0.8727854965298096
-0.006271295082576185
0.5415625856549987
0.7675744004615851
0.13793789116483224
0.6062401852032389
0.891231155477526
0.2357776725366929
0.1465806048090136
0.7397555618770599
0.2292525993946541
0.2795708548289012
0.8087975966984309
0.08081691649911693
0.06264628997462163
0.6409368928137136
0.16908899614578127
0.28544565979629233
0.7647403631152323
0.10029496603307592
0.09691363127587004
0.6763724702971794
0.3090234330387066
0.14571779872420293
0.6359349526327391
0.5715966330190863
0.31398263952996863
0.9122885921739846
0.4474775558443571
0.03775584300377464
0.8410664908557137
0.08365216668942418
-0.19453850522954141
0.7409210456036917
-0.14705386742459625
-0.28272130498898806
0.47448157298160976
-0.01355417747926951
-0.2962947150525601
0.5161630155229602
-0.05408841626199168
-0.3937696436417867
0.3535408068257573
0.030169301746519682
-0.4357873861491883
0.4005057773316293
0.6475649923727993
0.3469386889508086
0.902843344762347
0.5885520818230983
0.34207062837267543
0.7965180580591363
0.5709004126014382
0.46059186915704875
0.670891576499555
0.8115162131145337
0.5616642625053461
0.7492203600510817
0.7356059053059584
0.7536002313717993
0.8712576657735572
0.5653203580700026
0.5629096491399077
0.8650919136324672
0.52887617141094
0.3508457827019109
0.1953578891633939
0.310385411245697
0.30434437083770205
0.09509607428887457
0.1379452096031028
0.11393589214198074
0.06318666948715414
0.08888587009772685
0.042933603631792695
-0.09742294248589912
0.21675431703817238
0.17239923619212044
0.05222731724810718
0.056404282759322175
-0.01131462036952607
-0.1359677408819963
0.05053999755329768
0.11565980972989529
-0.22368372829841443
0.07771482667364443
0.104310550999529
-0.14243313113196104
0.13283724819467913
0.10784998013550295
-0.1722164658956612
0.4429657009878517
0.5792843931260601
0.2796278169086813
0.15028600458443914
0.2508184201427555
0.15684335821427606
0.22627877989760628
0.4766987220210164
0.22662903398450684
0.03090407559686914
0.08022193828872905
0.07279781671532533
-0.0017986466616337043
-0.018659559266072365
-0.03927593074263052
0.07379633580376899
-0.011474546344744789
-0.01612315760876037
0.004316128794585577
0.003982133482369865
0.08051038514359163
0.011033278148085959
0.004033915151471579
0.14616131445290842
0.012885135696696016
0.002440983984255473
-0.013709973186133451
-0.04466228359642008
-0.02511325943315905
-0.04249262071263751
-0.056315165045460434
-0.015573608645414955
0.11406489507177862
0.06422633052241061
0.19170366157748037
0.057802142586340984
0.11199207692584032
0.31710397175861516
0.17824110415538738
0.042172952743208245
0.13679545920671385
0.10283148446677756
0.48623046185123286
-0.07936066631321158
0.2918967871750733
0.5883354291077184
0.10301415280712684
0.29141183769359924
0.8088809088336448
0.350556127850862
0.3353968084289104
0.8195472743299953
0.44337808297761033
0.20030682297432528
0.7124399863773884
-0.09685414882234035
-0.001586696107229807
0.9442750735520039
0.2632689155441783
0.25072051079343705
0.9350995952146819
0.17900234228345968
0.11912010381899787
0.924066554021026
0.06849938433348494
0.05511755088351811
0.8184827354761206
0.22107217019534026
0.15262551517593864
0.9021917382998248
0.2589380414796671
0.020808871165799207
0.8154591959977541
0.14159817357589316
-0.08092523227677663
0.7533529932873143
0.1620191825325944
0.0006698618473952866
0.9410239690054802
0.28735096369639174
0.038149470254000076
0.9154056233392409
0.14491025065698615
0.0007809952057493798
0.958719019837214
0.14089505096716232
0.01664819836283538
0.788974344930957
0.20405165689210802
-0.056881831426478395
0.736102017745162
0.07971789382513086
-0.17594144649652393
0.8613543164458239
0.3236795694817622
0.020678182143038293
0.8553892445263522
0.1855940692990996
-0.010300448383478048
0.7271807849555418
-0.09696945302461327
-0.1323544444877464
0.8967068644811262
0.10273705839886771
-0.05288028586118344
0.7614155647637015
0.11982497949655233
-0.1102884466048124
0.8597766475831277
0.29672441794953125
0.1514859788235112
0.82033425805026
0.22016188474809764
0.029093073879799307
0.8919971466145008
-0.003788379570433277
0.11694345072630995
0.8426353713199013
0.38914137634287643
0.14637289887248656
0.9585712509290278
0.3700510149433139
0.2853030135998848
0.5224948881625446
0.09074344923037114
0.24631643271148967
0.6977176586118891
0.47670010006410607
0.19819567796307105
0.7924894930215857
0.42081869179625664
0.2003633398850373
0.7394678191173041
0.29386225537457206
0.18723916912592609
0.7249642370144527
0.4738034351640834
0.18907353633117885
0.565743755223116
0.38413767181777625
0.13126095674425695
0.842402582711107
0.2787024808457488
0.10632958340098422
0.7669722383637556
0.3217291368281766
0.15727156938363585
0.6501925668922885
0.2406810249960588
0.17904207446362586
0.9325882695915548
0.40392169459159344
0.3621054044004685
0.9486971391880863
0.4275894950414244
0.34434363503642795
0.9049735743296419
0.4330274953769496
0.18939025406005416
0.844580687349306
0.2137916618224533
0.21465014296217325
0.9496855686546484
0.26381109924144813
0.046599638019192674
0.8953799395149933
0.7900243879375515
0.43613739598082635
0.9398043161674123
0.6082161095745402
0.3057686196965389
0.9222378386833512
0.6733184481834686
0.4327237436395387
0.9012982752265246
0.6629369651249033
0.32845482567937756
0.7812425807051357
0.4620886161896083
0.3219418825381988
0.9451698378972058
0.6508830758221466
0.40869508091880813
0.743294156529925
0.6236534722051961
0.5055736505913708
0.9208562186477484
0.5041099134250486
0.5063314226257135
0.7266695822270279
0.3641866945775614
0.3242877311441029
0.8658049174195713
0.7132996361756581
0.498966471017146
0.975526637742093
0.716782955397766
0.4656767425349941
0.9203095496035166
0.7648838794788306
0.4901177413798248
0.9577825034510528
0.8519513091002759
0.5760981247591115
0.5898142420095455
0.28124918943196325
0.146535914574157
0.9709801945765303
0.5387473969528709
0.3536161470193592
0.9739577744781097
0.5926228597099767
0.5057933614842396
0.8755020254506058
0.5666326357188448
0.13513119808973703
0.8612665183509522
0.5301806121312487
0.1396341561342419
0.9397524328523201
0.6207748110118403
0.26078305519787653
0.9006109177081945
0.48055703611317824
0.056238143484186445
0.7824036879803726
0.2846029375832621
-0.14976845813680167
0.9692926463217819
0.5695153437285824
0.3210534733702608
0.958646343276919
0.4541679694980035
0.18078429494138412
0.9409124553801191
0.5315036668370128
0.2347955076710054
0.9127880816703703
0.36343971705988154
0.020743862257876035
0.7499729664363197
0.30872818264317675
0.07542731454630512
0.5116460901533494
0.11282969462259002
-0.2641273114036623
0.4513303151180351
0.18224885718251851
-0.10899782539003416
0.44026690568576454
0.23339300516692152
-0.14885956474734202
0.723807014450784
0.41844679113762406
-0.04564068448286157
0.8759300395636329
0.42678810491384434
0.018431495361154678
0.8790396499074482
0.432924671814062
0.11231949144372516
0.5940378717599497
0.21604906905847326
-0.1489229047773255
0.7474291234278981
0.48039307241585
-0.040692815298049995
0.6633322228471116
0.27860820039572065
0.08551184861064501
0.7271126404319188
0.2825121149996977
0.16985054890777357
0.8429111892894354
0.23078483314406617
0.062097737915849056
0.8407269371686146
0.43050110983677425
0.20701057591265087
0.9283747921986938
0.5590340314257614
0.20851364911576087
0.7992793219281813
0.14396420730140774
0.1915324489782388
0.7871855776348935
0.4652796200597921
0.22199107357179848
0.5709532790063557
0.05323857043088062
0.16386808388237403
0.7526832414215215
0.5479128604927977
0.36998117755394977
0.8210341300944872
0.4737422925675359
0.3062628165324086
0.6064637726657705
0.33481919681996897
0.1453903735779155
0.5642313951436363
0.07236678962106612
0.0795980978277089
0.20539875738138308
-0.21821410377111433
-0.36968199517070865
0.37908709380504146
0.04690752611728486
-0.07057117969980697
0.38800076968117186
0.1529936042426201
0.09023492949280733
0.40273063224142136
-0.0678132566925801
-0.18942210874473125
0.5958585548169275
0.19955690917935903
0.04494528742692586
0.7058596731734821
0.2798879402434045
0.13247061660070486
0.5183171482842184
0.1675078405139233
0.045111417671980916
0.7424549492503891
-0.10122412320732857
-0.11070694849276375
0.6965465183752879
-0.09805271630500445
-0.04661288887710639
0.8143941573283587
0.03424308551070258
0.09242539591421459
0.8569945918033446
0.18777406452365814
0.13140286632213147
0.611121695935073
0.08572105002252858
-0.021607658952461056
0.6759047259098985
0.08692898044996189
0.10050495693382541
0.8533436984022698
0.20317207525691552
0.4710313299416665
0.7570403382956098
0.06667806770338382
0.2420324172612794
0.27645630858792447
-0.02336575237790385
0.2221490479199401
0.4363123355261199
0.18459636369611856
0.2012107467581932
0.5957814499742379
0.386051623837117
0.6493088274522364
0.8953933003161763
0.4663981856808408
0.6933927638336644
0.7710479142678395
0.33327223017338214
0.46558898805634197
0.7891506362892318
0.5684856407416401
0.6578601738454661
0.7513109384364209
0.32820432158595547
0.7063888129810796
0.48038023035362654
0.36975414676475493
0.22933177690208492
0.47526791688511605
0.34337783655828913
0.43015588163877816
0.8744105586218454
0.6211862034340174
0.7270510648370359
0.8048020660923592
0.7662026757695344
0.6128767280075924
0.8726002058988757
0.923094786438093
0.6627305644545356
0.8324385308891371
0.7164118672020708
0.6533502259690467
0.8118581815140031
0.8629609101036353
0.7160321494703747
0.8768209267815217
0.7865401147883516
0.6876716087300292
0.5540913364151399
0.4388222155083513
0.4893278326669323
0.7096037046714925
0.7679402863099987
0.739499336796904
0.6281168809989182
0.7252651098058381
0.7685223299899046
0.5797225217993331
0.5148481196011576
0.3627470607491545
0.28722350470736246
0.5019401436872359
0.280076876409538
0.6140557115616001
0.5233949291426616
0.739848580990113
0.8303381287652336
0.47671421211516396
0.6536588276824022
0.916952707291973
0.5644420037184745
0.6098692645986787
0.6471354872295546
0.5463266707519264
0.5423738402368753
0.5416024667127195
0.45912394182368305
0.43167642450423005
0.6738275586497008
0.45606150843651727
0.6331117759840195
0.605425970917586
0.5810479782106217
0.6918309248830024
0.8307765399431881
0.6314498282216133
0.6874096585951294
0.3799525482933542
-0.09971808381513447
0.24820689825713865
0.35524912245045315
-0.05677620915033681
0.3698187370859217
0.6202869137273994
0.08924530353273138
0.3647626468369754
0.46002028946346896
0.05017187304700649
0.5780244458730427
0.43634941863896637
0.1642579573953154
-0.0569265981461181
0.17998240829874487
0.22075446326010778
0.06503450172339607
-0.010921602800066686
-0.047752075184159
0.008278333897593478
0.6368759885560225
0.24667891145987156
0.14006128976952814
0.7281170524873288
0.04303276201215532
-0.1424282871025186
0.30631974073933166
0.3937573167621683
0.3520999096358648
0.04006447636740406
0.06992446387637825
0.23054575681548034
0.29203316644415306
0.3524600761852338
0.04988482218937393
0.32031625739984193
0.00755927945505214
-0.19023460243784737
0.11913907348237963
-0.2721616165576664
-0.3432886207623874
0.1561982533266369
0.29616356414952194
0.22642244963187172
0.2592880435537935
-0.024115462121433895
0.12661365084979587
-0.1045813492007395
0.25317187231161864
0.3102073587411186
0.48889186784718863
0.6321328252682903
0.5577631929574223
0.3780310519917004
0.49679171673760647
0.5188783428166683
0.41418576779881466
0.20264118134258824
0.6467140680221706
0.1868661349162415
0.044790102688990044
0.5256903679262832
0.057773641795980823
0.36772811468148103
-0.10370681395543416
0.38763607284304646
0.6737945529307623
0.09647593482752037
0.5610463311146534
0.3047998418358897
0.26735685241989887
0.5503801800506598
0.3448537978855624
0.25377407313841266
0.5025829533229514
0.4787722458147895
0.3613581084822559
0.4949941969273429
0.7119003299884892
0.28159485123403205
0.24056150124135534
0.07291852585523681
0.12558449416539724
0.2459613574058328
0.010195578395652563
0.2014364912843013
0.2472266788304042
0.025379663709654943
0.09363190757279928
0.02496966129050812
0.15772435866489704
0.08485916770620534
0.23572373756155088
0.19959064210755778
0.13952529665402258
0.08151566006741666
0.2079099458847547
0.1658629779763589
0.24331730636416576
0.6084813481368062
0.2328357121853454
0.08786559833603132
0.24011909304487528
0.1169975322769643
0.06858412552085899
0.2116097322387732
0.15359803865666868
0.7900617417071771
0.5202059815314679
0.0020554269683872653
0.5431837263023882
0.13904948735387335
-0.17937428193256005
0.5633532813295429
0.28907899059862274
0.060082137626568465
0.6686576118694378
0.42240324745598345
-0.1371825343947462
0.8405071399106079
0.715029041167859
-0.05529452551463804
0.7918231498784198
0.5991863875489118
-0.06842647950475858
0.453290517981324
0.40703120217977723
-0.28369809898029164
0.6369833051275582
0.6093228247957421
-0.17256860392877565
0.6831063229112879
0.5369923469802839
-0.23896036716897173
0.875467949572547
0.46961967167265667
0.09739835640583064
0.9352719592075232
0.6227447372087433
0.04247056232860093
0.7986910898806815
0.364955411600213
-0.04367188838552427
0.8579852168843347
0.7462748791104394
0.10586850916798593
0.8486413563851624
0.5257741862116153
0.09887315227646516
0.7512697745218078
0.44569883759879003
-0.0813867272588004
0.9491667554769536
0.5954264944842382
0.16425949832908252
0.6388631031401072
0.24786989627417316
0.14847494011057583
0.8701758152306052
0.690911280826608
0.4175703077465424
0.8364432010130685
0.7609744062927829
0.2306503343964314
0.8321333016240886
0.6166158498685389
0.1562112879302855
0.835390342652631
0.46782253417816355
0.16969011429774009
0.9175859419545642
0.6081451145501418
0.24943388565506736
0.3401870072853587
0.1664734417425408
-0.11285546154740386
0.20998213138291766
0.05167251050142414
-0.0667620814477955
0.5819372782000645
-0.08323230975206988
-0.09939559890239318
0.7525663361103909
0.10439367389213587
-0.046367336131781685
0.9658975209265255
0.30817081049859574
0.05114759773363978
0.8113127592287539
0.12622539342630992
-0.027107636942998847
0.7721907369923715
0.3114809448990943
0.010661769739725668
0.7629616255395537
0.19701662300711004
-0.14714180978036626
0.5668103105495541
0.0849425103291045
-0.2379009611913015
0.5200362736069952
0.11040446507441333
-0.1920941138170751
0.648386401384578
0.34017189917172147
0.09569675147913737
0.03949953181900795
0.15843531612080458
-0.3336486062616828
0.04819392073771823
0.2641476260043751
-0.4541678822686891
0.17624970424339023
0.3018242426430306
-0.18340568836291402
0.07526665136562183
0.02076786393388264
-0.18287108608366506
0.8271327084374139
0.8530181089891955
0.3385299543740403
0.7575268409789673
0.8571593462057255
0.3029660000089536
0.820023362957885
0.6605299108923948
0.19845457141246514
0.8210996998688318
0.8212018286173048
0.18872602446174508
0.8820197668707236
0.8008494599793495
0.17785440610998032
0.7647923218550756
0.8573766091520401
0.3219103615260321
0.9216992105240205
0.9512424377718689
0.3926074248484483
0.9462554845569056
0.9404948755188878
0.2640778895284858
0.899621005441661
0.8651963625850194
0.4226693040252902
0.8126285437024721
0.5471565830632716
0.21686369799700886
0.9321872444809587
0.6659272259716669
0.25082508424994693
0.9951605497938892
0.7855104407343712
0.21612568740749769
0.9493362244518133
0.793265359905378
0.18711799919996716
0.8809612889228138
0.681881397196157
0.10600107634096327
0.8262323732950717
0.7351369345602912
0.5081771135103206
0.9000618142643422
0.7023888473068527
0.3841354273782427
0.8967238569745305
0.7664446659610391
0.31954022741336113
0.8090266242219768
0.7893339880685308
0.4679954418682102
0.7329428471317889
0.7789587473781527
0.3709791923201637
0.8092274266752921
0.7426741402681424
0.4108969551916478
0.7004748045608831
0.7855612656643249
0.3321173962646846
0.8305806733229055
0.768095406372691
0.43982187801584804
0.6688483572211958
0.7344255353415571
0.2075070456161457
0.8858345790961741
0.9011664575642423
0.4154275133192846
0.8361752321322915
0.919550801346436
0.1619078816301563
0.6629647848976762
0.3009494501986072
0.04797816492339005
0.7166555382283516
0.4966221565546792
-0.08119649556592265
0.8769956874023521
0.4871714711425052
0.01452406827349988
0.8971775395984621
0.41171542689727425
0.012936347384173506
0.7909183964826023
0.6277841874854473
-0.031503471938855394
0.896281128663461
0.6194585363860914
0.11789648593146082
0.8432590042243004
0.5919009942908802
0.07255209836822779
0.5057794379958044
0.20246615196973627
-0.19955975793414205
0.8055725516354124
0.8433743541725314
0.2821061830262708
0.6094452165058036
0.5842793834487263
0.0937703752517178
0.7497210274096668
0.5301747376407664
0.06858773483592281
0.5441386574914919
0.3625238270117211
0.024449940120446153
0.48441787487027854
0.47277443599742486
0.04381238989418951
0.3420912235286061
0.29555264902401496
-0.2656814512716555
0.4393383335392611
0.2013721700868667
-0.10286769074002292
0.5941287959805374
0.3595684634155589
-0.20963433367132905
0.3222605209870427
0.2256272803862118
-0.46193959538846974
0.4349325800153644
0.2702854574441622
-0.06816796926084971
0.30024286857383875
0.3001090160983303
-0.28589271870306
0.44662441746205384
0.46042010887632673
0.10651490934203998
0.679189319464075
0.47497135758879294
-0.05592860161006247
0.6781109429778729
0.5746817942111785
0.08681302469968347
0.7279280776831792
0.7349651400406428
-0.0727019798209004
0.3044926338830162
0.5450576541751543
-0.3805784903553149
0.4715925916837529
0.6160168471264189
-0.2670782554385406
0.5894518185933992
0.6217144680793756
-0.09066946576361132
0.41569494566796483
0.3057819296838762
-0.25866014788154695
0.5973606480461648
0.5436115248808805
-0.11562978595453033
0.4987207674920162
0.6820792472490975
-0.13036413578734937
0.14186153721632627
0.4992544250044558
0.0850926574309221
0.3151805608265768
0.6867551287964486
0.046460275119827636
0.5445152404370839
0.9159144477725567
0.40211889533968853
0.39306817234694935
0.829522222905205
0.14834470355719528
0.29102899278193206
0.6811836731357117
0.1755264480152075
0.26646777427352586
0.7160195511661739
0.06728684441246245
0.15727180184582268
0.6060575173753974
-0.018848043611087547
-0.04887861615982218
0.705739652497515
-0.279421897442783
0.09000626421776023
0.5364021850671797
-0.09891355606324667
0.08943837688724379
0.5573963343685111
-0.1281548728514725
0.15348148269856024
0.6933657182018792
0.039322176080878735
0.199706285202904
0.6325724378290395
-0.11627558049871192
0.39838605095343227
0.9110675632690457
0.19242788372420833
0.5173635542874835
0.7687965163254495
0.2197316234772757
0.3519452460827326
0.6794024345013348
0.09266248151971629
0.19276659538417062
0.8318087701409429
0.1745777091945726
0.45072221272619817
0.5490899977519909
-0.3059786410329632
0.4323272541809527
0.6203414546049779
-0.20966164138436683
0.44047983406889357
0.6125765716279163
-0.09295204442943555
0.45928491549302164
0.5970285674581556
-0.10956088372125133
0.40867896761396033
0.652207437479561
-0.22178487521702556
0.3003720431830212
0.49155111489400805
-0.11962212120177565
0.38575456976602185
0.5658138971684727
-0.2687608912672573
0.41834483482778195
0.5230212497673059
-0.22055855922041878
0.50763184848349
0.7219201945941589
-0.14359005630536306
0.5387207200030679
0.7694478469021471
0.07302648009338525
0.3972781387554238
0.7522708324770513
-0.00614104974796934
0.6152622409965464
0.9254204334348506
0.0664983060306381
0.557762447225088
0.9667126730960784
0.11387439608039909
0.586641072588554
0.8167659850797122
0.07431593989619589
0.49115560296985705
0.6931644019522685
-0.0540172902511691
0.2575293388262345
0.6393675843508487
-0.07303902158497902
0.39764158270610517
0.8353419647202234
0.0466371551726264
0.31361708104798947
0.7692475457109209
0.03322409062306619
0.44666339329112215
0.804452752123892
0.09254531969236561
0.2913230298023022
0.7767469359515742
0.030442439141179563
0.19317360330000422
0.6867955366643503
-0.06561159116199647
0.3207966341650692
0.7516806308586745
-0.004287853227041977
0.23582161569566015
0.6398299350153519
-0.1381467805810097
0.27244770729811063
0.7139933320143959
-0.031397105188100516
0.2800674650152833
0.7443226929396238
-0.052388727045203004
0.3359987865388254
0.6032824549725445
-0.027708714717578516
0.09270417074223242
0.5795561956414317
-0.3022045493041324
0.26309699322915503
0.5644800993350251
-0.1429985385671644
0.26502067688254904
0.6227811315311229
-0.20891149194826375
0.2064431343520079
0.4319693362713368
-0.3355499696126394
0.24674739151365005
0.5296196151844479
-0.16543999022840622
0.17961508069894977
0.47718812229907764
-0.05393537617083481
0.2517346276755188
0.49804961088574706
-0.016707145921922892
0.21589608512295227
0.553914953290218
-0.0011344615392040458
0.32631768472873374
0.6287170825131803
0.004303125931025408
0.32558484379208685
0.6167565477442251
0.026828641448980572
0.25553117483008414
0.47195978062643634
-0.20593064792306673
0.22612791288138825
0.4245019485661511
-0.12334111558849517
0.16233859988295193
0.4995318058815269
-0.26710958893883247
0.2500040650490969
0.597837613335976
-0.0660750273319626
0.22990591229847693
0.6042328820924856
-0.07033327648660867
0.8549660107272329
0.9281663042136621
0.31252541630572356
0.7774406990135503
0.8997825871823688
0.36110400488262184
0.6231726588576285
0.9095516386527382
0.28560728614856346
0.6106654617066682
0.9082012641073123
0.19745172661099392
0.6393506940970246
0.7308848292911482
0.11117496917259159
0.5079160015517928
0.6995161346128427
-0.09934493524625447
0.46221896467776646
0.7519890763621497
-0.040529357653415546
0.4491123416490881
0.7001339050223063
-0.04329915010884103
0.41969106929349387
0.6895615060257768
-0.03440191487241234
0.7199881734511375
0.8984231913385547
0.13519762969732405
0.714838250270827
0.7896756546466952
-0.017021538198893012
0.802633104875937
0.8041471796563698
0.02257967052367045
0.8692994735241404
0.7624244427329683
0.24668603258984473
0.8374252683882575
0.7743007404412772
0.3093171140875869
0.5787003658611107
0.7045804288788506
-0.03435786764329211
0.9505439949123167
0.7587013747594472
0.019099493974078768
0.8364980560128066
0.8017557582800323
0.10718023333811935
0.8140655842267435
0.9220095378391342
0.01357554303943811
0.5329075592325943
0.6843052732843007
-0.12069855761240221
0.6753616649163786
0.8511369129567361
0.3486745175114916
0.5998327943755956
0.7829176957618261
0.33099487828807683
0.5167157052335782
0.8188071141772517
-0.006365990728436462
0.9013416761795117
0.9412191472057652
0.09248797517994684
0.8518113788851054
0.9563855365074074
0.28785919599116433
0.8727344645661552
0.8869607693467372
0.28057263323361165
0.35633589560893575
0.5614810753217933
0.07995911055242848
0.31929024066266387
0.6685313316428767
-0.08547389484859552
0.5009044993882937
0.7413102424340552
0.41607223582550035
0.4104352525395415
0.8338967460484557
0.285890750512028
0.5755948580437646
0.836212434893022
0.31710623617885914
0.37903931705909477
0.7102562532240293
0.011664937657866803
0.5981104519774071
0.8699163341274567
0.03760044540314489
0.5297930183722516
0.8224573923320724
0.027634601717220632
0.5603103730367733
0.7667642424860293
0.09446660846217565
0.8152026314526724
0.9017015755508596
0.23902687009411688
0.5353087277091477
0.932229110288416
0.25816231125092787
0.6313601279079449
0.866664821253042
0.19763634988287282
0.6016667839355151
0.8924655417825484
0.29100274044845087
0.726785253287535
0.9504075938456302
0.2316379151746666
0.6238857467102166
0.9199813669891681
0.34390708746742144
0.8184195801469045
0.9064637395799515
0.38316836176571645
0.5947583602323427
0.8666044493335543
0.1535160088483072
0.6641073830899278
0.949020080382601
0.10366196750406959
0.555862374261692
0.8368818166081924
0.10921174823723025
0.5896095853776757
0.9152206740432369
0.27323542549891133
0.5661973242747174
0.9571575484562149
0.2760981988934055
0.6278752911013288
0.9378352310583675
0.21613146359297095
0.7419846057903552
0.8975460362251685
0.20334964331961064
0.6421491364012493
0.8381684734849218
0.16894830101218627
0.42456270168708066
0.7468375150473201
0.1827952151132911
0.596275389164803
0.838047927051918
-0.00476801643036737
0.5740254074313609
0.8844836469980526
-0.0022986378871435453
0.4913831798951117
0.8475209822593635
0.14175733141338742
0.41873100098582566
0.7373347826034129
-0.03210872938513353
0.4285532277174
0.8499183143939355
-0.08615741527084025
0.5418663372806968
0.9253703799427269
0.13942550086233937
0.24040784962791106
0.7581243002856741
-0.019567402235474405
0.5073944430891119
0.9658758729144674
0.2202466259595603
0.5415010502105105
0.8960858876020398
0.1508624031225224
0.3386748996567652
0.7787168489457607
0.23434453927334292
0.39436536195370625
0.7441983433444735
0.19923526870106667
0.450311742242656
0.816827084288146
0.32486560395269426
0.31514922607252116
0.9192229321577337
0.16626653281039105
0.3026982463021409
0.7541699307431091
0.04382500488426237
0.36702695226533594
0.9270014363544106
0.22748023504728893
0.311501210474717
0.866360842985894
0.11300651808611999
0.20882145945093858
0.8958518846141064
0.06842814158540836
0.3109548065156831
0.8361514223618456
0.18855514044747773
0.31453103597483956
0.8809883555774249
0.16746930330535076
0.2908495818046405
0.7083047444647222
0.1557151818040835
0.4130838835988401
0.9186231193304266
0.24826594980910427
0.3998436840834878
0.9165510802202406
0.17889326088750201
0.41842161808705647
0.8467075276217988
0.19908765952127683
0.4245395945685536
0.8913950950347849
0.26631181227875844
0.3714171946290796
0.8487090555635874
0.23055217152102517
0.30040841193819157
0.8001761686608091
0.21138583227915603
0.326468406221896
0.9722595976061634
0.1071654716964248
0.45102178710995094
0.9114846831328645
0.1777545867338699
0.4541132613715676
0.7911901567025016
0.10443908637212253
0.28747219228325815
0.7760618399098902
0.06857392550506569
0.25209236899770515
0.7576581522338314
0.047585589459482824
0.6195580146881179
0.7954797132300597
0.34006957464176923
0.4252068743340657
0.6549666494861661
0.21413442579188932
0.5959853616183762
0.9568444894402622
0.3830137148306503
0.18171357293061075
0.5785965107183673
0.19713281404230726
0.32807715547149896
0.5190776642608209
0.10471525022271763
0.43355550041360774
0.6630833471328011
0.19940492631049903
0.7886304664410344
0.8838744709435289
0.3843493865232077
0.7243145895094161
0.824357989550355
0.40255490437223085
0.7789187042087647
0.8942587280310492
0.4156092532506489
0.7382854540237134
0.8238667925164185
0.43265705645916097
0.7063741739725142
0.8760767684402402
0.36789832997938576
0.6373175803240466
0.8959613426940781
0.3760036881779282
0.8256654319222565
0.9770079210766417
0.4070936197776049
0.7348720985955621
0.8034854895409678
0.3123311134553099
0.6498375455318409
0.9545981701157293
0.48413592416072887
0.6658583895733622
0.9403517255062572
0.5277142376205308
0.6567311644467696
0.8738171155471461
0.5913603461956887
0.6858797722824518
0.9720933726406715
0.5697242246728196
0.7243077067111409
0.9648316146791389
0.5372388328271738
0.6185449501000501
0.8857704630360832
0.3865067987936598
0.7563272478102767
0.8462635041243614
0.47709367213752873
0.7895442438852966
0.9176833633119406
0.4647095116125396
0.81434982017229
0.8662381954230702
0.12328958465166381
0.8684164968868932
0.7387947577440087
0.18344223692840306
0.907650041029927
0.7861649954800507
0.3322629821137179
0.723925659145229
0.7088040326409103
-0.019368412079739678
0.8488347450513507
0.9613514814311142
0.24698076301898944
0.6752976275772308
0.9234288021314974
0.1998678811141968
0.7865202536033529
0.6692431477163762
0.19912308141667692
0.6936622273621047
0.9368280185439337
0.22974052582156557
0.7498559987380864
0.9260054099949926
0.4642569638293552
0.6506866845776547
0.9367037227834334
0.4445009323652578
0.6366563869834595
0.9237052582531149
0.3137083853951079
0.7249410892532016
0.8490743257154005
0.44898142951193676
0.755906240892481
0.918509805990152
0.26825939997046344
0.7227105725660397
0.9114921900854418
0.39864969301431996
0.5090165938351503
0.38728449914408736
0.22452406149298024
0.3541728074973616
0.3829837457606602
0.38639455165532743
0.811008038852782
0.953741649288635
0.5632975965816256
0.6021469581226582
0.7132358464340294
0.4942813214051205
0.6125663181584708
0.8084474247897713
0.45492242177352593
0.23599002193205437
0.2942985737830184
0.34801842820955003
0.6045943321437995
0.6204821620413064
0.44353745584687926
0.4221423189539925
0.5495275148100937
0.20553192444043483
0.5489104666576345
0.6189800198934675
0.358593007017305
0.631041474533244
0.4440334967781697
0.43446924908619966
0.6134506395238386
0.5704399309732487
0.3147704725841676
0.6501095280704552
0.847990354599623
0.35745155511214
0.46821491338166854
0.6569679004267208
0.6960998610437417
0.8333470192722845
0.8272823683691355
0.7827621953648138
0.7341187731326002
0.9451212745134046
0.7757705507156543
0.27629074379378793
0.20141638782201643
0.07294814172332663
0.15653642933441742
0.17915214754162773
-0.37031896723995733
0.25917214669624783
0.39122088404013683
-0.023546654640502377
0.3827916725160977
0.34762031694176937
0.09330899238015206
0.34300048649465337
0.41323501809584245
0.2543409970714393
0.3435810266676903
0.3170809268260256
0.133296926694479
0.3790062143673253
0.37949570317256
0.31637893707473885
0.20162513491086947
0.4492767994163106
0.03397063336177156
0.5058556135339666
0.5148858154379906
0.21612880319482106
0.14633787294034334
0.33018506465820946
0.16024644260251647
0.0932809216112595
0.3293042739329139
0.05318510592314726
0.45282017386347184
0.6148718829244446
0.27264893785969146
0.7246435359358755
0.5663476101828733
0.33681769931938793
0.23707696071009998
0.7885678123931464
0.32737735935843015
0.3935583480366204
0.5413927297618395
0.2778373835117619
0.625996703466177
0.8313144158089845
0.4183073356373726
0.4022439279533478
0.739179487974296
0.3690390877782088
0.23257168373305254
0.6069338023585054
0.11122307433807539
0.10275661608711442
0.21736033178245098
-0.24508358125316992
0.105923264420716
0.2195244328330132
-0.1896697314835611
0.24679555870304284
0.38072284333775763
0.17581036226243713
0.3251115864819412
0.6335522579423202
0.0925708821969353
0.3576553946613087
0.6127880216083237
0.25485968878728393
0.038429534474148805
0.6393484317550212
-0.18763722081860845
0.30681666903487137
0.9609836917668972
0.13763381137152547
0.12320587682569192
0.7568360404989285
0.18208665696486157
0.23182177927031183
0.8305816912192737
0.1428753674519834
0.2525868041299455
0.9296203119320992
0.20471371847777534
0.09074271551344523
0.8593022932873655
0.015086632103438153
0.028423971910250707
0.9040409244515786
0.06373146659101836
0.10336264822805377
0.80132132664383
0.08571915088262339
0.18929082025499283
0.8478134267569528
0.04806031439541015
0.23920249795066223
0.6911868591749932
0.06221510521414265
0.2857305825755984
0.5437901086709366
0.13698755593748368
0.09350173068688312
0.7230014972213339
0.008637174924302833
0.2165727713275934
0.8483995247404357
0.005829097523932246
0.31873873210686615
0.8231603322378807
0.1567075240906784
0.07709356890719718
0.5248627441344134
0.034478573300726116
0.245305468219558
0.6265333882581908
0.1759915423477475
0.6459867395703592
0.7005854742917232
0.2822917694011296
0.4245643291299974
0.630321473831535
0.08523822967847605
0.5226518319577114
0.6485506856990678
0.036990745762747586
0.4596215210207671
0.5859343754648476
-0.0987095058692821
0.49851007405957837
0.9520640345264978
0.17743874205593582
0.4156766218679715
0.850118373527593
0.2703215891714939
0.4018589322428884
0.7543196095520357
0.20090104521094204
0.5291346409137321
0.8853867885455851
0.34892469389837216
0.39208316052571657
0.8770792352287072
0.36966890986740075
0.4711081474933255
0.7822367092160799
0.29813677473833156
0.5715866888516178
0.9210500269178821
0.44278212618057267
0.4277348324832566
0.9177700959943085
0.2502368688399823
0.563016364009766
0.9364104094067047
0.2563486809763448
0.4998982935978979
0.7384898952791163
0.3645165938748528
0.49493199717134534
0.8451013717429732
0.39703861716765976
0.4452947728050254
0.9846604825034563
0.3595595138764547
0.3774762897255899
0.5815259312600894
0.09549395334568864
0.22940601939028762
0.8490497387789652
0.06138147275025274
0.32671369503052494
0.7527131647377168
0.1723306180662358
0.3793819747286407
0.8098001046384335
0.1488886433695744
0.27136515772813335
0.6321110730494347
0.028872867394736733
0.34391005084835513
0.659582694236159
0.07811444513481161
-0.04848204443702164
0.46323686130979636
0.4048533605675019
0.18652806176297804
0.3041961439399298
0.45000575232471224
0.15161970800906244
0.2625354810174185
0.28589564522141186
0.18390213420831603
0.5773334242354482
0.45225005429123605
0.2459923512101178
0.4543071462946366
0.37839417153820065
0.4717768242433229
0.8453596563392249
0.5244133484768209
-0.05470604625818623
0.5618761195014557
0.5051657032611215
0.27380392739884646
0.7071580600939065
0.6897876522612946
0.2054768486706645
0.6353719504328688
0.5550397058676229
0.23262835797309964
0.7021791450003094
0.4622629858927415
0.28388590505123007
0.6778742909838735
0.3586285016471464
0.11858148559652737
0.6912674292896184
0.298357927017902
0.019289699963570994
0.6034009381836618
0.22070650622038746
0.055221277459145506
0.40817103552341744
-0.00817633235745413
0.09644933624159076
0.8062685770181013
0.0786802309029184
0.051019660516642425
0.6899913217199973
0.19223475298189974
0.04865473942230934
0.6391188494363793
0.34721926858429797
0.21211939042155717
0.9244746741823828
0.37660148792841824
-0.1107775062338894
0.5782023953111803
0.10011326987215916
0.036212419181263764
0.2871586521820533
0.603695452420506
0.0877171092185304
0.5402561930035894
0.5193467057172781
0.007902472834333794
0.4999459440004843
0.26477610042951905
-0.02109889915635994
0.254272112424266
0.10207933741044209
0.19907551028746368
0.5046538276466249
0.24805059252722328
-0.16232676529046897
0.06028365081619093
-0.008019940172731211
0.2946639009580811
0.34189965530156946
0.35398204584626647
0.2527629149722645
0.5563701915658673
0.23047386926079821
0.13717799644811318
0.3290729394495842
0.17251330546729055
0.33656421800071334
0.45385562452150585
0.46855771248821887
0.30002763940665583
0.5526121481473205
0.47421653121463103
0.24865611962923329
0.5306373183834991
0.513409842069562
0.048501525128904106
0.4336366934244193
0.31639820496941407
0.13668422743389402
0.2680150958031705
0.43755630381518495
0.4110151649546713
0.5620590815321982
0.5323348117589521
0.24308705157328753
0.47865900328060323
0.4590866806405189
0.3119888835832141
0.6689861326921985
0.7233869059540794
0.07046940210306199
0.3430307124422091
0.1251633500707338
0.37290904710208866
0.6357927940746175
0.3188468888651515
0.2798524798137602
0.5427973039594605
0.43059935778594893
0.13423297654636043
0.472413906379758
0.16437382170500292
0.2676211893560455
0.5599626968674052
0.32505537374192894
0.11101764138045661
0.3336931380813868
0.041270867537410445
0.023932907534798608
0.28436231594818373
0.04882670340177558
0.18672013249415725
0.3660314463939126
0.0540870614648869
0.59630511291322
0.677361954785614
0.4173203064031299
0.3442757128829107
0.3774196922957981
0.13500936834793112
0.32804046030188644
0.5761268942032651
0.3041019461520875
0.5006942238995269
0.5814358542577562
0.45688071643724804
0.42027345225220064
0.6290481884895125
0.38530339732026947
0.5749796195209784
0.669226693018983
0.4155433148093572
0.10219541946603813
0.38689508958024066
0.26723631249805624
0.14096729170667863
0.36671998306736353
0.14725290783800044
0.27130173528205137
0.3697329650483827
0.29353166778194045
0.30347750285350594
0.33046859428477393
0.41771397830554924
0.00983293399564359
0.41301218160261327
0.2768874711707928
-0.21560156714384793
0.16805024523497814
0.06840926752171905
0.3976402736539277
0.9385512138157641
0.6527681543809123
0.09064224734424858
0.12231304221096723
0.3247494311905226
0.05205839583799557
0.11143331421253312
0.13513092242894714
0.11791361530298324
0.08398724025447671
0.5149149346851811
0.10000303738967661
0.16664639886353122
0.6523439459035278
0.42652028652719
0.287791578382743
0.7596947177645954
0.0008429906227073319
0.04020537902469892
0.4050558870879465
0.29107372613259136
0.19949704731517254
0.41281604803882127
0.18955715306279208
0.8000887293579604
0.5209054477314039
0.13355186977511307
0.6202693666657082
0.4305609476126442
0.31763145548071603
0.3063145316211755
0.41898041128693436
0.3791684930939331
0.6605845164447324
0.6391660239479782
0.5533941805764464
0.8125907563927153
0.8362626864536041
0.4990688586908939
0.521301138492955
0.7833170690824833
0.482762129302308
0.5867034315149675
0.851983336798837
0.3883474312554278
0.6828158277207463
0.4815101573297205
0.6099585575035118
0.7986767638102423
0.849411627565636
0.5034239152850405
0.7326314397401141
0.5860462962930117
0.6807678368128114
0.7546657549018508
0.7491884979621677
0.6268066045405578
0.8283783225980301
0.788940819348586
0.6771285376433747
0.7302925626940793
0.7544342150441887
0.24633692634060295
0.7942290779325122
0.4248869434279986
0.11464101829716422
0.598403606906958
0.1681783003578832
0.40846358851336073
0.9177044554918397
0.40142764541140197
0.3262769432514203
0.6296608569818094
0.29208480332249626
0.38234261946834525
0.8755602115564955
0.19901060103902457
0.38819597463278877
0.7521690737647002
0.2617460316005027
0.32036402076010484
0.8573900644311951
0.21301376427112134
0.37360264023648626
0.903905609366177
0.28857195096041793
0.2092746585441904
0.8118566449853922
0.18378084505977868
0.36932110997962897
0.8465510743429465
0.49991283375127793
0.4835786054441449
0.8270075360961388
0.5198034575933217
0.4165675347842972
0.8198477263122068
0.40960190410209085
0.38073809395910796
0.7806703754542523
0.4215187849272631
0.3818178432662416
0.8403315679777295
0.5428725977700063
0.4260312247815238
0.8773258529285715
0.4381155636954975
0.5493674301843621
0.9295606351681073
0.4320820135496975
0.20970926932844197
0.7710258080995132
0.281618174932069
0.16932261315034028
0.8088324145979812
0.12622452836655873
0.09215705526866583
0.927145907723146
0.12494784019015867
0.1445843914392846
0.8629938560551278
0.11460282750679757
0.21246515970693208
0.8367515462386588
0.23709443322126159
0.35018625467666453
0.8098305922251432
0.2932515751024154
0.3073990672867266
0.7298373181965692
0.26970486893173407
0.162354328506547
0.7046518157057713
0.27649149465764206
0.4128594531865838
0.9704380806132522
0.48892346857291413
0.1774723245386056
0.7845402470363196
0.24565386918864007
0.5536675787304117
0.7190799026628252
0.4541230204514568
0.6705090848524118
0.7089286165211216
0.409839908433708
0.4739585220667096
0.62457245739748
0.47699929350410686
0.3685701937385787
0.7560843619545714
0.43505646522545005
0.5837263315644741
0.7733820325140393
0.4931957949345156
0.61163945890198
0.8533422849513046
0.5622076891108173
0.6410464466788368
0.9203421381581697
0.6093962283835916
0.4195518702143172
0.8163409513767375
0.31909341210152287
0.37513053106441857
0.8113724779733681
0.33076559182625426
0.3729620703207346
0.9148902465291471
0.33876655066185307
0.22466312630531776
0.8050390212827506
0.2590564514560505
0.4061716680715133
0.9566038800836523
0.3931757822542761
0.3188053150337742
0.8641025509314311
0.37375542523135974
0.41226780027860116
0.9003913299089499
0.4164383963198727
0.21767330331675297
0.8999945605775698
0.27511967643059787
0.2794443062530545
0.9263090888127035
0.4280553969379377
0.398542685431609
0.8917969621997383
0.568740952690804
0.507859147739557
0.9045598395292288
0.40071984872703104
0.4151059123601756
0.9646520497971391
0.4621999035039641
0.5667271655271916
0.9753940990270172
0.5504418609394298
0.4967133566730193
0.9069369953188176
0.42819642855877527
0.42017975610023633
0.8887957563532303
0.38609483632622527
0.5120578332046188
0.9372688215787248
0.4253336719407139
0.5042748412777168
0.9618046195397454
0.5364474943668633
0.5467820496575815
0.9707567938656929
0.5131925743764686
0.4551019746847828
0.8952399062797052
0.5613904823863215
0.581607218360809
0.9031430604099293
0.49095296925285903
0.40054107806583494
0.8638955149636964
0.4713039273364883
0.16642650785593618
0.7236725500110921
0.6170550629978975
0.2831719644253089
0.8745783685232289
0.3876923607848546
0.3325552370843044
0.9522431304979907
0.5646328941806662
0.2670039652394983
0.8474923790330371
0.47542419703784966
0.16080906766569578
0.9785193578329233
0.5262261581630808
0.4035520425986904
0.7205510729218485
0.49914162663997885
0.41479570860172216
0.9461460753959579
0.6906283676227357
0.46051685724890024
0.9396288281323042
0.7827832024152539
0.43424853680234354
0.9153366145861832
0.711244970251831
0.562664820108807
0.9699194001177334
0.7439071658567556
0.5379181747335517
0.963181513535292
0.6985934218542396
0.30417568136956197
0.7687847100910519
0.411727113647478
0.3496429317410483
0.7396366259813856
0.3422879618030415
0.36023908341692057
0.9217664604294102
0.43115762207743563
0.2756782897332609
0.818615940937917
0.5634729517977168
0.35972351172437866
0.851436847034551
0.6076096239491596
0.7215672494418837
0.8695774529087109
0.7647702140357227
0.5549686933483777
0.767019522139723
0.6597634288255102
0.5008630138653419
0.856963368832483
0.6099843638897673
0.533971828437112
0.8823791809702164
0.58842411450125
0.6061710036155077
0.9308592144927006
0.758427589262322
0.6999478419861618
0.9517629176361567
0.7596080062445645
0.7320359791127589
0.9763368945765223
0.7857292155523057
0.5697986829067819
0.8404022533402027
0.6986056151657694
0.4072213243553891
0.8316671163795702
0.29306249203540463
0.5552972108788281
0.8702905292613219
0.22616205666127567
0.4844411518228421
0.9024501436931999
0.4451728013848806
0.5355482945757946
0.8378909860145127
0.44460176680811175
0.5136259228611582
0.781313046801237
0.47313762623111033
0.5087964728255499
0.8371924532121487
0.49891683648541063
0.32376752811176757
0.7789651834081477
0.47004940010971896
0.5942466463152838
0.90875972018018
0.6576853974996312
0.5967912088156566
0.9418663655964943
0.6170712948241527
0.53631279934127
0.8692276855139767
0.48601860743328895
0.5491932942915303
0.8910495483108396
0.45609509974376333
0.5665325874404996
0.8593965427428054
0.45762180812234127
0.6371074413133282
0.9468098463173816
0.6228479049721427
0.5756486117803303
0.9259860454908619
0.6637571781626699
0.5064849819507773
0.8445901145913031
0.5358491426553622
0.5099854302206208
0.8710841390286927
0.4835365962336109
0.11075964145494595
0.6361906120998667
0.2606526788971302
0.43750640725103807
0.8612611050415597
0.6606279631122813
0.44758796194337125
0.8847769103188554
0.743705206397474
0.45961885846924067
0.9365148594183289
0.6986143692020048
0.27767684553826555
0.9796032506713799
0.7007081437706428
0.3056886911401726
0.9641515637458253
0.5439821664880369
0.4397228379735037
0.9248760848513221
0.6477491563440173
0.23776605692656508
0.6532394152186604
0.41467679794205414
0.35143358192690255
0.6141442538275195
0.5385337324720301
0.41579969121553295
0.8089147275126055
0.6052590412532469
0.1119170331910542
0.8446782526790867
0.6936301454541767
0.23274238810176984
0.9119741017225891
0.8211357375495053
0.2595729310772378
0.865574098667957
0.8680262960804472
0.4029996338113521
0.9448484724861393
0.8257357558878264
0.2801400037497649
0.8246180040945941
0.6742971814504599
0.07191369069117902
0.8017124631287031
0.519168066742446
0.22917951519196733
0.9529952399547468
0.7609845459729105
0.2182190889846174
0.9564459047632377
0.6745387701637844
0.20983860284142952
0.8057378519478183
0.675223731927701
0.1655163987378951
0.8758360302628869
0.5793959167201168
0.27671163883532246
0.9302888509841503
0.6192432482734811
0.37293025767091087
0.9634858340920054
0.7226926237540793
0.23283347686420325
0.8744265830989487
0.759708536831025
0.37341504973929796
0.9297467812081055
0.5463452547799379
0.3321377748352965
0.8649028770180881
0.5561680567157199
0.13007153882409073
0.7862530327824493
0.4434384969076791
0.197502829613457
0.8189340526762747
0.4305345077476479
0.30698403435947585
0.8876955329380722
0.5064126925249437
0.4968494053855773
0.9362875343332595
0.7039202293020137
0.47234926590678405
0.9605297077219485
0.6424800682808691
0.47514365599018105
0.9526533995886315
0.6123488358916768
0.37199913297306975
0.8534485211069106
0.5279905271987296
0.37132498310577333
0.8789703928295671
0.5654606470474492
0.5416464179314151
0.8770927702592637
0.6164181851213424
0.4178512807920649
0.8341177703904618
0.614621439179068
0.5383627056328588
0.8970406080793314
0.6445004473498005
0.10003102077453603
0.8106516460856201
0.4405801303991042
0.015172889129907732
0.6785586875188555
0.39246764033010306
0.12737926805446334
0.6007304613031835
0.4073508920024448
0.26912699647452487
0.8853948119943101
0.47334421669969706
0.18672138595288473
0.9287305049569842
0.43426434289001703
0.18065469096676678
0.8605634066625587
0.4674245416424728
0.1556351212046339
0.6964489477850806
0.36908544245760216
0.34350905206930654
0.9293915982468813
0.632251272845932
0.30283563400196833
0.946477212353378
0.5349689659425438
0.3090767063968365
0.962602407985929
0.6236198237739432
0.3471131179001704
0.9095313035485059
0.5415272567689482
0.22406576500866132
0.694637393841249
0.33373302142644407
0.28461718926912594
0.9837547425544514
0.3099860439854322
0.20879582008141084
0.9661008485759139
0.30658843547596343
0.32924979227042184
0.9409359051328574
0.5442054332241734
0.4023454244096674
0.830126402852793
0.416584365212994
0.13644121186205016
0.6085731210280194
0.16908912075198862
0.2257263630403961
0.6487664646332854
0.2624291914055583
0.2373595622077967
0.9189109320676607
0.15055057304587666
0.0008723064515455056
0.8015131783383808
-0.053220343006016815
0.08534097777727367
0.8465119569252617
0.03316607779972424
0.055231139061387935
0.9400906490743273
0.09860049948680714
0.0844076974520293
0.7196701815501532
0.06704806828797907
0.019816152125777663
0.8872566624042906
0.10452137696478847
0.06923976773234358
0.8326027186224685
-0.007936269314504429
0.16919716417961275
0.8712906374717729
0.12744370446684133
0.021755596636190717
0.9250364052371102
0.09307683849412622
0.06209886509220035
0.8754111456884328
0.04282774908324796
-0.02584880523584747
0.6958932297545308
0.14810520408836897
-0.0041126790637158114
0.8440720023765954
0.10019781299695267
-0.02641343385843617
0.6472478561094703
0.10109899785084736
0.10335370436043813
0.5795686576560353
-0.11511238707359055
0.03201387795264436
0.6189401441548045
-0.052260169684273314
0.0879655746700939
0.613325562273039
-0.05950684706546622
0.07468344110896213
0.6210069184198402
-0.06167993359629852
0.10060447461273704
0.7176429931258392
-0.09879291396067624
0.1562779995516656
0.7632014608535108
0.08844673181882631
0.0044445499710242115
0.5827662810274498
0.06168640446897603
0.022703817979138986
0.38975776556224184
-0.06853398704733607
0.08838893962335342
0.7423416873757007
0.04129450378454913
0.03230194150070334
0.5791885917191715
-0.05650815822112568
0.026417169349260944
0.30178189739576944
0.2642431705216612
-0.008795420246009152
0.4970814969853509
0.25004579527628135
0.20564463590169874
0.6567250150853527
0.19776114930125638
0.3354096900617755
0.5013106034816283
-0.008284908261963847
0.34802288951017624
0.5922202531253706
0.39640364391108723
0.07934010885491014
0.4384763441307514
0.027562252576584727
0.10884591901123039
0.42688062277762984
0.06842829431274058
0.05305403519859328
0.567771339862803
0.08125213387495223
0.045100352010052004
0.7138752179246057
0.04177272144150228
0.3313418278819932
0.7290938224274554
0.3581755179098519
0.3386971031028412
0.7369098942162202
0.3374057870355195
0.15656342533660167
0.696526950744859
0.29214737390455536
0.0611146580442003
0.5614825634984437
0.20158564223682984
0.21104352236789642
0.6832872439245299
0.24584299771589885
0.3488172976439119
0.6044249556675199
0.12017476506094732
0.2638501662729057
0.6674180792364632
0.07787052827152391
0.009312364903285696
0.9248932703152876
0.2165267375325069
0.02010803140869816
0.9484210828044233
0.19238731991238278
0.025664212519514527
0.9307466767606504
0.26404499043391716
0.021845281597204395
0.8829839552241909
0.23600304463296162
0.011221221633330378
0.8059540691419564
0.31758374170918074
0.07165940447483524
0.9036284296737436
0.4185302250842275
0.17057440337774352
0.8213294622103537
0.40116041577712735
-0.0023713644848677145
0.8736447185736236
0.23876480456188726
0.13161058545956664
0.8451239463179466
0.34182577592832986
0.056047341103546686
0.7382487465205392
0.4203761853568997
0.1871421493957393
0.7503285841731306
0.45946262162867
0.26687731962113487
0.8318468348577953
0.7354369684294089
0.299785956435848
0.9629883554021792
0.8134571103180754
0.39941934521677785
0.9733728102443451
0.6445014932319054
0.35178689384694656
0.9006276652717379
0.5333565950462751
0.0983929288696685
0.8926767045146868
0.3155545962075327
-0.009666139384512294
0.864805110240517
0.3104131117578954
0.06386603650136075
0.5518737783714508
0.3611570153374558
0.10617842530043557
0.8424575154514958
0.4181656787494809
0.22781362019588197
0.9000658099497976
0.4564686239537056
0.14666155699963446
0.7198151582200287
0.4288586827576927
0.23060035152327654
0.8401677993616787
0.5364916637047165
-0.13996048263968333
0.6573248849777149
0.3795146761271535
-0.1909950526521847
0.5742490982639529
0.32130695288262445
0.056568174137068786
0.9060565688074562
0.38443550591333897
0.03283854836306437
0.9076262745446327
0.46370445898074525
0.1533029181885864
0.9231064504621829
0.5299510365425308
0.03938487377621147
0.8456590295129884
0.3630938802312952
0.09165030137890216
0.6764301416468161
0.4108636436137182
0.10756607699980154
0.7395390565424285
0.37452398179207547
0.06328035352647515
0.7374678441835153
0.16988597292656568
-0.20706537708391004
0.5825618450543945
0.026107449719365856
0.10888130246626776
0.8759994723973887
0.2980806635312737
0.12986733954983642
0.8048480568813128
0.15791297860753034
0.027253081677850725
0.7154894811880582
0.2803489237961036
0.07182149613176399
0.533137628297699
0.19949675228632288
0.26293976728501245
0.9151677468917121
0.30137706314623625
0.2370167041199984
0.794322595182982
0.33942154206612857
0.200587119437871
0.8408763090965399
0.271303639426464
0.2573650634725987
0.7721196223949198
0.44024650282976185
0.18188781666998527
0.7680312349762066
0.3676633173986661
0.19207562237457687
0.9033114547975476
0.40467902755312574
0.1706502222913962
0.9466660097628252
0.4223286882236993
0.2778790499198668
0.8550129588986815
0.5280308751795637
0.22225239199291108
0.888475778796149
0.501773452767902
0.2232161431066968
0.8521606808747411
0.46863974581872503
0.7390950349752283
0.802859096253558
0.6373752408138109
0.24419390854099535
0.750119179575732
0.41121342893312995
0.18927521186095708
0.7281896506038333
0.35096502652404504
0.2873895051873382
0.7069685714904366
0.6760396845942054
0.3173222359047708
0.7390121632375228
0.7358211893190927
-0.05535913437778224
0.6364461432200745
0.40112329042175243
-0.17566202948724985
0.2986799678363232
0.41500888179524387
0.3235183594163471
0.509616020215419
0.37142973943349883
0.08348634481624417
0.5833397230553893
0.5509479449924114
0.2505302947790887
0.6352143521031461
0.5396258692954153
0.312481236811004
0.7057791829600963
0.5272544548165019
0.4426611252729708
0.3350845330878213
0.5336073447329273
0.2398318883187227
0.4180466847521884
0.3546371995817573
0.5323993785920466
0.5964189487226845
0.5485865480132402
0.48494646565614663
0.8764911338368693
0.7060573289749337
0.3986143210558636
0.743996168081254
0.6317184843991072
0.315053538281515
0.8798469467371552
0.8577981582593783
0.5380797829442885
0.9386542349218725
0.9767135542402544
0.38286049701975966
0.7884699358972949
0.7694199158342063
0.2350397738425732
0.8009587395219034
0.5752489976746116
0.2228955774383856
0.859354506255795
0.7206678427812052
0.29025119943473787
0.8500771041973062
0.6553972924241622
0.27286427284132264
0.7118123892990802
0.5585974427088962
0.5104712801027613
0.8697954912121484
0.8160868856773232
0.34223691837326925
0.7414614137670242
0.6461444620166494
0.3624738969018243
0.8513939889339524
0.6694330562889275
0.4131019862355043
0.8567283650061481
0.8287540515416203
0.3473128206532249
0.8079317543209339
0.9225992561610092
0.28142214886142664
0.9554360356051966
0.9733738323219234
0.29510053714667517
0.8116202718523948
0.9353076816157893
0.31020615929241946
0.7864697853845495
0.8137923580642228
0.279262980922307
0.8285097533645237
0.9699525086353966
0.4972580289520303
0.8313110870641454
0.8459310039124143
0.446640988753621
0.8700773203577339
0.9028137611577794
0.4937079007263692
0.8033474177425555
0.7437547572520609
0.4262129964143512
0.8296429985427708
0.8671417166773432
0.4639045213392325
0.7713246470575494
0.8628976865388607
0.4639048399662332
0.9166045354049763
0.9652966536868761
0.28380971997223897
0.6923291562742211
0.8864699908479556
0.3447359489579084
0.7454906657607913
0.8890606952190292
0.47206669855250294
0.8199697988292836
0.8717548231438257
0.3091128616841484
0.7196606961654461
0.8605576732497531
0.3166811454688935
0.8871696958226332
0.9019716794613122
0.29057933389652835
0.8018625669517392
0.6848320626249812
0.3863966956323899
0.7680905831993745
0.7407644784632749
0.45769514717183113
0.7753017503761899
0.7487700871557016
0.4654454714184003
0.9338571539678602
0.783573071415431
0.5401463058034552
0.9520226084298418
0.8258558339948276
0.16189634290468574
0.6647822438671736
0.5371270882314926
0.3446222733250567
0.9637673675957732
0.7810343185826503
0.4569489893374761
0.9753188624254301
0.9177139347572792
0.4003595331931848
0.8152084624185837
0.7556201548486757
0.3670961278385162
0.7606688461272533
0.6674981380542611
0.4013863836969823
0.869408080174952
0.913012702337652
0.395038902042004
0.8777869046287667
0.8089422527533996
0.37915724905465575
0.8737722426423264
0.8653100935543976
0.42732717383381025
0.8861692816230423
0.8644165120985198
0.45841331771115934
0.8031128256813185
0.8543538117714535
0.4355588033115527
0.8592286690521684
0.8583683656063158
0.42134188116592763
0.8575620085074176
0.7966125038143721
0.27432438514966634
0.735261267678492
0.5492671524931284
0.4115541165689355
0.9557666223584649
0.8354807981462344
0.4156058773480743
0.9191658786132193
0.8001363757860804
0.5046277635148796
0.966624680340926
0.7379228309898409
0.36890125725763745
0.91194440662606
0.7452873042390783
0.31960867676047955
0.9700037797231011
0.8774047536069411
0.2181731941160376
0.9357094075999075
0.8084564329288954
0.3184684323305772
0.8959846661651976
0.8189444169454002
0.1940392059081411
0.801717104948535
0.5876674478343694
0.2794588534312118
0.8969104157151222
0.7390542181574034
0.2933887912473703
0.8249787558530288
0.5498555113988968
0.2268590641180328
0.6598584917590924
0.9327151356865364
0.27493147492863457
0.6801816080466437
0.8175507716522119
0.21937382708425066
0.7282056783121214
0.7481233403952181
0.228852066570967
0.6253726004185762
0.6968649970589373
0.295198402536639
0.6201501687290063
0.3971822413002365
0.506163262473328
0.6902357911673876
0.6912767430339682
0.5421856204962809
0.8818120957822615
0.7501984386539043
0.5974117381446895
0.9657867258599169
0.6753185551093609
0.5240157606993738
0.88700186141073
0.6836013610184764
0.5075390994022815
0.9585654344211325
0.721675901141189
0.6104341232078674
0.747797892290665
0.914037469147104
0.49472280488263065
0.7504527368951839
0.7435675269582167
0.64968685110008
0.9406404109980149
0.9085268679279376
0.393198884107961
0.7310689524251388
0.7312526032210819
0.49918683628172816
0.6996189858331514
0.8984848427578499
0.5659331213591837
0.8424897938592577
0.7081778139738624
0.505033775928475
0.7390974766635618
0.7967521411621619
0.3794870095394044
0.7239529426796409
0.7636446545058007
0.504947019580733
0.7740393671612511
0.9129389446572442
0.5202494704868892
0.9260769017345969
0.9185637550492609
0.08352595267626597
0.31967997197129616
0.6185801968477592
0.1983809567739343
0.5531832846201992
0.525636580725758
0.5504367233452708
0.73020033622246
0.8650093020860941
0.3564855120765853
0.3399923746660143
0.702359500113261
0.2718536659506866
0.48310243860292035
0.6769433341980402
0.48465126561457295
0.46938106162681825
0.8502805860802622
0.4273383575811821
0.5825832057297611
0.8644705567496929
-0.06609083119397065
0.4868189909789383
0.6567487605201964
0.142283410866706
0.6565844744330922
0.8377015210870381
0.2743126098213109
0.5070629349407437
0.7004238001693641
0.1896900621901663
0.5710822783501894
0.6694673310033582
0.2416309914563845
0.6537818926008792
0.7740455758962812
0.24009845092778836
0.5700889627298095
0.0675453082046634
0.49811929349555156
0.5052529147271931
0.48397244532022754
0.38096748297880423
0.38177549691831747
0.26085796703518027
0.07685386741727457
0.3944032573156774
0.037329031134661746
0.2812688121948421
0.5455867898863
0.39333880271210875
0.09308716108118055
0.6012267414249626
0.323478123214087
0.19947413775492195
0.44538782387140907
0.5352293448861895
0.3643221399524463
0.7148040536224989
0.15364739336635563
0.22484693038012188
0.6463732669846752
0.2901327579077359
0.12886089075049767
0.6644334467084833
0.2075879177002976
0.3901926074813
0.29823820662345313
0.20310912997768482
0.6521015319122274
0.19074922953874718
0.5902882442274895
0.6625696851756745
0.4355016590970501
0.8202105830085429
0.6561635556336504
0.37994039148671604
0.6001110389379155
0.5736606948119236
0.7192942738092284
0.7664864656915484
0.41011768730444664
0.28630123688130726
0.6289892645649081
0.5264995354953415
0.6547770566625164
0.5025106295860335
0.7097540919029
0.8439218982671144
0.5938806803435134
0.5309006303883425
0.6907934296906286
0.7365775183296553
0.5463705966027195
0.8955444330362466
0.8856460232042938
0.6922749518933692
0.7741652804601352
0.8812133820682286
0.6998920314956292
0.8264125342529804
0.8290024395334425
0.6906221304281563
0.7291750817980898
0.7645205086404442
0.23752146562557466
0.6003327068165525
0.4740667134266022
0.32549932311278645
0.7064448344812015
0.5434539175891123
0.3722055566341088
0.6403565499012185
0.3934469719697199
0.40687717145161784
0.7407960301317001
0.27768484004110017
0.4957039627190931
0.7153448145508341
0.6187835689571947
0.5630698455723866
0.7068339273664448
0.4250788430906793
0.6669859702826404
0.7626719433159849
0.8562118874819978
0.6200472469371171
0.6705566021400371
0.5649751241798451
0.866000502191036
0.8617039067890041
0.7085698082950995
0.926455211680262
0.9415374897633466
0.9501497396433396
0.8624977319535572
0.6308870250332466
0.4792218486049457
0.7300169788233266
0.7371641438203602
0.5653621005997309
0.5689655784068384
0.6931530013130138
0.6315950341319307
0.671541769377895
0.6778711422140273
0.6344636056871755
0.5317734746994853
0.8762879260484635
0.5534804721276798
0.7196178889072993
0.8683619617907112
0.7482908836202373
0.8454101522768799
0.9508794942004134
0.7864965438322864
0.8815837831404256
0.7762833767344302
0.6746525019147276
0.695067345702586
0.826557627661048
0.5496909006900774
