-0.18395999658385162
0.06109245236327747
0.5614793536316899
0.0595633270016285
0.11543578590190516
0.37791788317651254
-0.018197428681163294
-0.0873020998158003
0.1594506065743484
0.1756444614752085
0.14276412697860458
0.3467782637250049
0.25140584346950434
0.16795825303737366
0.6263477546792997
0.3753422015240898
0.3284535335460859
0.6058781526353784
0.054626123728105866
0.23833816980553973
0.2733900697912717
-0.03741323379460038
0.2883563129359435
0.4690983964544333
0.15299220892065493
0.4301322382189683
0.36797540072043083
-0.0033405880886565203
0.3423862351714364
0.454940748877223
-0.03907768244302753
0.2887576658476929
0.32433012503045017
0.11783663484561802
0.2814651478373678
0.4244595022158685
0.2625997599019793
0.40429922788731454
0.6321424207134386
-0.052526178797742934
0.11419329120009011
0.284436727942007
-0.0021535051834399863
0.21585093295372887
0.3104649229227098
0.10556136410222722
0.256228970596169
0.36699237574547694
0.053579839242924976
0.19569871902258737
0.29468539408817507
0.14627931913790068
0.30400248409567343
0.4487910450284057
0.18777875025393415
0.7739451318637502
0.6908894210390967
0.1303843639272353
0.4364623570772944
0.3804477725248899
0.279910461012076
0.5431428337322177
0.5029153757520605
0.27082678771595703
0.5774256888578453
0.6731363074347814
0.30566955037434984
0.5487545775650022
0.6018380070965281
0.03777879412660444
0.4086018270860577
0.4559837667919553
0.08808911767066614
0.5653421267765428
0.5691482071592431
0.1273472984134442
0.4720708062054752
0.8449310591330883
0.09341390650811683
0.3524033781813626
0.39928267354700164
0.1924270890847697
0.5007226993851018
0.7005376065168769
0.13591491154432075
0.3164287542482471
0.640898192405942
0.14960267856566123
0.4230494000961401
0.6900774042157143
0.09214427752502384
0.4055153107242309
0.6201064205728928
0.11479975555017406
0.530643216652867
0.7025597627541209
0.13303937268582627
0.44640670411034267
0.5834883170236083
0.056258570171522145
0.3764291923706645
0.48966156559682417
0.1602524932629541
0.4267553374312556
0.5563244273942539
0.15842948559462405
0.3974007106177271
0.5755831900982062
0.26896218753465084
0.463686201745219
0.6759882195493726
0.35011332167330933
0.5945600413753195
0.6681893193057421
0.3130599427999645
0.5787113928513614
0.7349800400822244
0.2477862420136771
0.5372502104950689
0.5779482114152592
0.2534770797756115
0.49715537196476695
0.6176999314836604
0.1888253256575874
0.5381187483125127
0.6741805978209061
0.10048871467134372
0.40172069501812796
0.7497242857001418
0.09210921070290842
0.51447270437762
0.7412643031822038
0.10505029224069537
0.30294769085781814
0.5058398947042656
0.21984252045574484
0.41120684199180657
0.5660026680335463
0.2804367948569434
0.6536020201680048
0.6980228459204565
0.12115113735026758
0.38071518143727034
0.6125986610135832
0.2216857921210897
0.4631315442085051
0.7377597197721103
0.19957642495493105
0.410236543826651
0.6692385097177859
0.13531709594281147
0.5618800777034114
0.7370091121917763
0.09803667926552628
0.4846125847951803
0.6306561154669965
0.12688542138425657
0.3678516776733784
0.5683935511127209
0.1729088744710053
0.44354989246512677
0.6120584751361136
0.24102985074472005
0.49347194943454
0.6686077832597461
0.01514357203345372
0.10875685906866064
0.31599520627319766
0.16615426236642677
0.18650332659944147
0.3470110462289625
0.14669215507252364
0.2790531491641417
0.35209926657962354
0.31486626094744463
0.6036629315671764
0.5511639200936495
0.0441807309713122
0.6200498628715607
0.4860956030584156
-0.035314532246068266
0.22580548971243977
0.41896077904676865
0.11207117187122795
0.4497395307426105
0.46933956730530335
0.2634031099944176
0.522765372589057
0.6367196829149395
0.20804490080969645
0.5829721259443039
0.672489445922057
0.24131442684716564
0.6001303913182043
0.6810038298710359
-0.1360349462533705
0.42989677597386333
0.531787180502596
-0.01932568322747069
0.5497442676639912
0.5420802585025403
0.051911492126567746
0.49556732846496243
0.7749782687649431
0.15123374585490232
0.5784480095521919
0.7904074913208643
0.0889543851768615
0.6138493319158314
0.7384735901878723
0.14887015242527488
0.7752304629061666
0.8856249738540058
0.14280451374069805
0.5128233141088727
0.5185995159543044
-0.0024427358437283985
0.4724314012284204
0.5071900189356195
0.0820467740108114
0.39439272908849143
0.38982123847860967
0.1483401487940218
0.5867296927475392
0.7216167014344681
0.05305519465322299
0.5343138144709486
0.8478218995351321
0.025300069444959983
0.6691254491556985
0.6887787355226145
0.020015644261287744
0.5617150483630551
0.708789000046181
0.014085171420835905
0.579788967677014
0.711141678120626
0.03949399418059037
0.5976728779269798
0.7673135012782604
0.12003741162141296
0.5535317251957943
0.8363149232820664
0.14462997781120687
0.5061367933785086
0.6306723860877139
0.17853197257084724
0.7218325171354756
0.8801240947988275
0.15026132398766945
0.4233968593977032
0.5815787887156632
0.35625419550426374
0.6744638386714688
0.7658952818451243
0.25240022202292584
0.6109419382368116
0.5594501182787663
0.21743544643676888
0.6041010071375961
0.6027403231835855
0.28413042089088286
0.6993159067416337
0.7209203241055185
0.2368163447393667
0.7807102791640026
0.8105356700717918
0.18436652764000105
0.7326404564764477
0.7860123582197734
0.1233021675398698
0.5087916625496827
0.5435307838083021
0.34092728148782653
0.8181157726706365
0.825399600177184
0.29364569390729145
0.9361201924930675
0.7157006747281978
0.3669000812341905
0.8534580686490175
0.7061607130680125
0.2552245735346417
0.8798732462650583
0.6092034456834603
0.07163741453775255
0.785225608119724
0.8046139612790506
0.2872563214292895
0.8376365884106882
0.7335438178656013
0.23784735869611126
0.7958425740042101
0.7691865560733921
0.2802158539581632
0.9352621032491366
0.8192582042864438
-0.29514351778234377
0.40315694989087303
0.33563387832696057
-0.22715541650848214
0.1845951056404
0.35294417603564526
-0.2254749623247818
0.07746908583758619
0.30068872695515025
-0.02380635511401387
0.38166450072456926
0.7157622138695057
0.07137485112282056
0.2848492573865382
0.46762421840032126
0.06707848042326031
0.2946147794376962
0.4502399797125185
0.2264062075652442
0.4074617051648063
0.550052649816696
0.10059783035649211
0.6181544840076667
0.7196551566878804
0.05823222031813151
0.9036015332379917
0.7632680251456108
0.057337446835328196
0.8330386167444159
0.5673458495134374
0.07007130417082581
0.5197951594938739
0.4100956557808644
0.07317133036581851
0.4140441807811199
0.45568986032727254
-0.010370762669848654
0.4383132832322382
0.40391431553725066
0.07139426589997917
0.44823479651018705
0.3119341850880446
0.01515901663985536
0.32342065215827076
0.5264798064863688
0.01061550285872196
0.4228328437301624
0.6324405212126154
0.09798058020577145
0.40465084064965295
0.6090848622466472
0.0037573150988550047
0.43357128554092295
0.6230637757147148
0.0043785426451599
0.4506213830064971
0.4769672634808641
0.06401732419705881
0.61687803804597
0.6034354285478968
0.0836165386198519
0.4775169136314007
0.5059451861438564
0.18064502045405936
0.48401612534003335
0.49253084915240997
0.05292685273217245
0.32805997990429514
0.43509924793649424
0.08568510006213696
0.5663336184249532
0.37627289229992783
0.12068159386246677
0.8181603542768496
0.46164168964633123
0.20710528073884854
0.7442587811059965
0.5941275023580042
0.2829840963743939
0.8891592333032958
0.5401249664315204
0.1353626773977903
0.41558751717612186
0.7654759897832484
0.01091212449154536
0.14282076890345444
0.3133226638439197
0.07610265257098263
0.27997078870231284
0.5854388547804057
0.15347248684740528
0.405693075738903
0.45472063660496154
-0.0020409742431779752
0.4929478400413736
0.4482086060676854
-0.03087984653212429
0.44088185164545257
0.5682691658619278
-0.010750634921544244
0.5760601123430116
0.689229673681893
0.004638771947511252
0.4800855615305967
0.6353054868584536
0.05875449340958079
0.3182102355485777
0.35302172593247994
-0.08355210490897726
0.39785839498145004
0.5472794181638252
0.011110562359309559
0.50017696721577
0.5562103919903495
0.14436253601824434
0.5476370699726772
0.5808240257215754
0.1666394187837394
0.6161466035037928
0.5316160041285408
-0.08004127879002447
0.4622368040381642
0.3885775057527562
0.016641315808235028
0.4372402679187702
0.4911554135492513
0.03874820840000565
0.6363394446035213
0.5526767491563818
0.09801638745917206
0.8007450429586339
0.7196997695827576
0.11307719761686086
0.7386972979392893
0.7086619611038276
0.04682925048780674
0.6212652527424929
0.5783379833263049
-0.027169113937962557
0.6160295689322011
0.5467696357302714
0.1775943657316778
0.6689621448228992
0.7266497774772146
0.23502065067378702
0.6084660902916841
0.6194445737379612
0.0849377133021626
0.17742322114414055
0.18424832483945386
0.03975076591096464
0.20007490787862814
0.28605255186102524
0.16336510469065263
0.40664483629225534
0.36170549114484357
0.17134645471306065
0.571206160801195
0.44404425291816935
0.1427671543400922
0.37858414256710354
0.467391775526732
0.0034500772115040657
0.28812786738699825
0.3292140532087854
0.07070926205226254
0.30423089558891114
0.2315108193758849
0.21179278915995287
0.391704166076001
0.5252393855693342
0.1287728681594958
0.2685322452460243
0.31039278143653726
0.19682519655258995
0.3059856802108767
0.39965462492584497
0.15730286112173295
0.3996200739954553
0.2645996349851249
0.11228436141648737
0.37567472820330994
0.39921473911994926
0.11718743943111304
0.5039373635019921
0.4559292394191839
0.09593889120206314
0.18196774280192884
0.1897696803238736
0.15789900675103163
0.29258778967042176
0.3131422100329741
0.09592983297443532
0.31140165531626085
0.2548688806255173
0.311698764793437
0.4838541043511935
0.4308960897119565
0.17060844528597313
0.3786322430711859
0.3267570691224179
0.24546228606254497
0.5253254861373728
0.5350662778298301
0.16563884379137972
0.28022309646393273
0.37036674860830676
0.13643863129761888
0.32727239710929856
0.539694098682293
0.11046484152537793
0.3229906585719221
0.3891946804308986
0.13207727923683255
0.44446635505651366
0.45156440683310006
0.1236247438725755
0.4388357390354296
0.49915762073192815
0.06217538641389544
0.31828841203480107
0.35767276608515053
0.17447032037072518
0.09939292770648706
0.141509267636265
0.055152157877458696
0.05056777416287604
0.16170958979888078
0.06985239898974985
0.1236071740845804
0.19985774630260567
0.01798750879148451
0.24534866025585222
0.3186695201054507
0.08470180405563418
0.25581845513113255
0.3400897261447715
-0.04027447126359445
0.13819917338830595
0.3262348595829435
0.17601529696460494
0.45558350681221305
0.5387692385357397
0.1328566384220526
0.2903097772050013
0.46911627884907897
0.0671322129511839
0.4493974111133277
0.4028875602554444
0.01101819878413399
0.18690136194663187
0.40865613538719026
0.1651361750721745
0.32574241709002816
0.40693765265597087
0.3830830201657298
0.4378256155179656
0.4623523068395731
0.1656380790350522
0.3982850771976115
0.46515266648038034
0.36912951977048536
0.7212474381739717
0.681509221665914
0.3935380858450658
0.0504914460298094
0.2501761632213507
0.15461660130019544
0.1987101289284268
0.3474107461680884
-0.012106709115693733
0.2734273257803278
0.31831965045468996
0.08833150527739425
0.039399077166649636
0.4854718238085841
-0.07450245328842944
0.031962102509581404
0.5259472951951716
0.10995144553039618
0.16752375990119941
0.37037044414409254
0.07605565291579935
0.08405554430384385
0.3197662567285954
0.06071530086795049
0.20988321566385
0.3871457717132679
0.12185731515971088
0.40460993960314195
0.7679004178056478
-0.35033303015132833
0.15438156237192838
0.4486639752008541
-0.3187757093255609
0.10155954093598024
0.4527428233737719
-0.10127469276687379
0.5424326193324188
0.4855268289455277
0.05738376078487238
0.12240446469264721
0.4123115467980095
0.08123753379088157
0.3587889902993588
0.7299183202462187
0.07620072826533306
0.2939597804365017
0.41612190049516595
0.21317429805669683
0.4595615555932988
0.3165929546131889
0.3956323268955585
0.5085688615214596
0.6188531434865339
0.19538819418738254
0.24055715583787587
0.5713518023003331
0.09142348470411046
0.10125045767037948
0.4555540095308447
0.0042116737958306505
0.09248651475957007
0.8046323362366707
0.33604916374547456
0.13793100318947862
0.4608310419418691
0.11405738337277373
0.6273112105516145
0.6751688076152107
0.09014862095720846
0.4507293672133379
0.721672766765468
0.1478899864261599
0.4630537387957874
0.7955912485929912
0.12681196423083743
0.6355846107214653
0.8863698977645849
0.09088074572646042
0.24710184459176482
0.7351149403699884
0.10620823359952619
0.4041503020780334
0.8455928446073974
0.07413658145499963
0.43350116188368726
0.8092788573850165
0.08768426942789284
0.4974795732930428
0.8036668217988663
0.14043587633687044
0.42878434742820337
0.7320063435278079
0.2230979726224437
0.41561039608682304
0.5140086794697383
0.1570872987190609
0.526875608659189
0.8329840779561039
0.17999845732125547
0.44180027897491425
0.8261597863262399
0.03593784536374716
0.39444114808589215
0.8219667218802859
0.0141892361281938
0.3315764275290102
0.6435870004882897
-0.017315006349800405
0.42964094084068855
0.7979482033625648
-0.012932978229769366
0.38771567980261223
0.8032756630584801
0.018374934352202194
0.36555568004891514
0.8789760326673814
0.012336342396470763
0.2822824430335083
0.6473377514798182
-0.001531790508235673
0.2899323994213957
0.6287785067969238
0.13803097029869316
0.47406355553693597
0.7453946674867151
0.1956731403794226
0.4393115026233572
0.6484830993434767
0.2574890782076729
0.551818636114171
0.759832061608479
0.28574338609912153
0.5876163915418278
0.6671592534769899
0.18160946336938386
0.49322660368088045
0.7652732654334886
-0.19456436739111355
0.3833864579857655
0.6215875128727009
-0.13548163722935216
0.29918052314736443
0.5033815753996498
-0.00030324562932849443
0.3303043841383327
0.6598633300912211
-0.1894077453014883
0.2497138582203781
0.4493287646071292
0.1654546431984726
0.3909641717778177
0.7201703800989451
0.2618297248507776
0.48723695166646097
0.721131284588955
0.25258766372891284
0.7008094638087528
0.7636501026849409
0.07709454801621354
0.5622287678786513
0.737338537745297
-0.034732020245521904
0.41637153531814985
0.7610636352463305
0.09077125535844931
0.40125448103180106
0.8300676168016543
0.1953187536086483
0.41953704390826435
0.6947989052623293
0.10687114006234912
0.46618871999812667
0.7240530191042548
0.10343007633800909
0.47106933944254725
0.673806891155632
0.06111617906713564
0.5246961127550995
0.7537833784050076
0.1368950110242585
0.4532210044536817
0.6639032584189777
0.09234013567002408
0.41752883490113135
0.7594571767843037
0.03784726341032238
0.3491891125842714
0.5027187117468603
0.0763960197495797
0.3486172845370752
0.5365253825984628
0.09090999682832326
0.43026527637594175
0.6719685716314818
0.24192093122322023
0.4429091709088871
0.7440938749164336
0.18606144677740416
0.46779052323867887
0.6488555863283529
0.24589713247651124
0.4942876047773055
0.8292536933705615
0.21901253586319797
0.4835238868029149
0.8339108366235732
0.18424922250841055
0.42615430422018624
0.6835330726104327
0.1077901797805574
0.36480015157531315
0.6366989579775992
0.15595657939048083
0.39260103113787054
0.684143315258298
0.09782968385093009
0.495631492328246
0.804806125996757
0.022794449480149914
0.33093784580742724
0.7782198481275786
0.09351251094577201
0.38448812439280755
0.8593642113019644
0.1526644606541376
0.42494395039961264
0.861598627416951
0.06846427918818446
0.27957646208753717
0.4523320537433484
0.1918909198490096
0.49952574387750615
0.5861580353863312
0.1845961969523301
0.22227786166449923
0.5675739906179267
0.06724751452569976
0.29296218989380973
0.5061867612122366
0.19579209126136982
0.4806001036533081
0.7196777277603829
0.0019888153072970863
0.11671190369748405
0.7577200020619996
0.12027217855006549
0.18637642053926873
0.6624532969069606
0.18270264743077325
0.29549156813959243
0.6071015812363635
0.06876887256617269
0.3239483679706751
0.6321770642635887
0.13939399554410242
0.2756838791780452
0.4359303730014755
0.1945083775062415
0.3302361007342861
0.5523964181119999
0.20703668211075382
0.20773742140410534
0.7372256982491966
0.1382964744162209
0.24209774633325065
0.5555318814431358
0.1061810872237899
0.21674482256019018
0.583250495740709
0.05406451392595345
0.3253612121972124
0.5538176343930293
-0.024343488625746423
0.08063789524056508
0.636841759365834
0.08476149064090761
0.17695237734764152
0.8796776956270486
0.06446149147443483
0.2525196354308005
0.5967453512132831
0.1684043210901598
0.3142453679400138
0.7069759162939813
0.2655088685660775
0.3920543194330449
0.7113034480063849
0.10147722459753519
0.3706742946739091
0.7689885432725037
0.10089497242198855
0.38193388011159735
0.8420625651775652
0.021437266118393108
0.19487919690778105
0.6519338271838487
0.05318117812978276
0.24891853276539164
0.6479658209777822
0.11053158234495726
0.3327412277277037
0.6958101358991564
0.09678416091958794
0.3466502077119985
0.762071586415697
0.035209383120290025
0.1258441232625371
0.5398131980302776
-0.051890373590266325
0.03786395258060549
0.6012716880121323
0.03323900091141318
0.2443260787672445
0.5242252507992621
-0.1795648097586024
0.18091956441571935
0.2924908158341956
-0.14260916030049864
0.11572108727960065
0.4981186087300605
0.03222516854675617
0.21515460664765956
0.5191031320383166
0.013998693938789384
0.20153327823523082
0.5066454888612486
0.054470130796171176
0.21028312415788433
0.5751943422498484
-0.08480590851767156
0.22853958307530764
0.573866100576713
0.043366570919697804
0.2706769299113223
0.6861928599205203
0.009892411044370872
0.33514094129084493
0.6521753010997837
0.04626258838499757
0.41775493700290334
0.8422264088599996
0.06333357481844985
0.3298478087634199
0.6380065417234877
0.010578525014739267
0.3050580621673024
0.44830031321742575
0.05174571162006207
0.2624591317218984
0.40719668952329535
0.1636927577004899
0.433416582958009
0.6704571475465209
0.09614835051476661
0.36797559416467734
0.5840491082902364
0.07465383343071119
0.3714502010551537
0.5609447863696819
0.0945045666565629
0.18376742613157337
0.4955565654953604
-0.018344003566927627
0.04102771620812784
0.46986758158424435
0.07874520618037903
0.2684794930111895
0.5295986012985998
-0.013136672023605682
0.23513762311064548
0.5370402787091998
0.011604569030253989
0.28990959447870635
0.7305418526076777
0.047605672308462826
0.2123022016479737
0.6471967446583231
-0.008848080272357426
0.22954058217136664
0.5002106684824107
0.004777569312456549
0.29192524601587233
0.5281080780282125
0.16722608797202368
0.3121529660518937
0.618316379667426
0.08070413091612563
0.2594690510438853
0.6064277205680576
0.1094711934463232
0.2885057248023408
0.582380913629545
0.08110111741421253
0.25380430617062116
0.537738844696371
0.09931572460614212
0.12487504523836424
0.5158234441753116
0.0009677325876048144
0.23296911241191098
0.429400025827378
0.03189199207731032
0.2683896498606102
0.41413653429684805
0.03209581814330002
0.20299614412824635
0.4955422626781852
-0.026935522663770507
0.16812509592945174
0.48161181277810544
-0.034774408719447564
0.08841185679378119
0.4654115307477512
-2.7586639816327974e-05
0.050073747314301545
0.43321724064118244
-0.008955806281087199
0.12030163174931359
0.3946587798594343
-0.0015753803971071262
0.1669141445972401
0.4944672344280263
0.005213302925645997
0.15017973907776547
0.46104033939018185
0.046017543200141606
0.06734804720593118
0.5607922390796292
0.06787462141181815
0.1319766581515635
0.6325411716058177
0.05290764689253109
0.15794076585878164
0.6115193060966272
0.10447059973151239
0.19247156542897284
0.7628264761748089
0.10817199178696889
0.2945345915176243
0.7226211025071616
0.14213841871679128
0.24330974854369275
0.7446731746509268
0.10705017364548662
0.3036104750976485
0.5923112956578667
0.059011496295784095
0.1552482865326642
0.5776929924945919
-0.0024758842888737533
0.2338253401918215
0.674411841661166
-0.002022914657932008
0.13881666482556584
0.5748862923511213
0.0199174916352034
0.08346207396754934
0.48105501185380656
0.036255372664656844
0.13869756461895846
0.4173691825233986
0.006659612430882013
0.133186234657993
0.4442316357626519
0.047739376562835695
0.23165696222437726
0.6665033304601546
0.08016781495939768
0.29519740060397703
0.6036570867284976
-0.08242676138295328
0.11251124960071107
0.5336785480167425
0.07546729065459139
0.25207153990191006
0.5977521439976548
0.030799161445537813
0.2647687732999779
0.5737774883987721
-0.045958790329538854
0.180892960937045
0.5698390834531237
0.1662435056923019
0.25382524662449746
0.6245540376590049
-0.002694810775978304
0.0810489976095538
0.38403405635552224
-0.040767275253754606
0.07317959285813481
0.44568481461102294
0.0936887761936288
0.2048588880650835
0.4565590785145701
0.420767370895208
0.35340862810037377
0.6955215995369177
0.1981548952360213
0.2807472146010548
0.6268386489924938
0.3271998437478931
0.38653133572042025
0.7461749182930555
0.46961121303951747
0.6983268244258691
0.7990243826440544
0.39704700215274535
0.3717234698353727
0.748594963017404
0.37373569807740603
0.18796892171899496
0.49183171182858887
0.29089722113444433
0.299358253152535
0.409159310951119
0.2552053783794904
0.30011422879818117
0.5080293617496258
0.28048566098372973
0.226964846047186
0.7162589006117986
0.24445425719436484
0.319362202883413
0.4336823346852251
0.20808316437288618
0.30997277208411184
0.5267903576934484
0.17472148011342464
0.35549059985584464
0.6342987640462172
0.10132611735778382
0.32479703034737367
0.5408156251528768
0.05225119541765576
0.3707038603756979
0.5853344896499423
0.07743622351776255
0.4483506072652599
0.6385484455733079
0.10324875813075415
0.3214732866642654
0.5584400571038025
0.12608908439218033
0.42217975176897404
0.71322228636208
0.06945746484269479
0.5210642173889942
0.835919500909762
0.23016465871045927
0.5536535810735794
0.8401375420129791
0.19539974128063348
0.44481152246888755
0.8004813675754606
0.21662941616978287
0.44740332210241784
0.732406036285699
0.053320658993175174
0.28240694110969744
0.5947124753283731
0.03980945336707099
0.3283032347973397
0.7123147368891423
0.11442256652052266
0.36674831149680526
0.6614198989536149
0.2344829083828478
0.4106250251037067
0.7656503158251033
0.10888280400365695
0.4528421927118047
0.8012947893291489
0.003801509012735342
0.3432952812163782
0.6258671769508737
0.07989533445314326
0.3800493292558138
0.49838782334822496
0.2639864501183148
0.25664344228539276
0.6552340186502938
-0.0860788882523579
-0.05051305058857261
0.6248572335936113
-0.02179218316698371
0.04405983035365873
0.7046990496792489
-0.09702582762734743
0.002397781513689159
0.48436799937322383
0.08803671546307733
0.3615705945106451
0.8402789731981692
0.08491502116006393
0.26061872406894465
0.6436494730550846
0.0626496561630497
0.08582642634966826
0.7301055346529026
0.23089728245059263
0.2929193596599032
0.7519911043315619
-0.046315968345981215
0.20683393623166813
0.6697701041389692
-0.10338388650685387
-0.0242484787853181
0.5793567795803469
-0.0007134577040275106
0.05050559447056646
0.6857042682191916
-0.003044317881331111
0.0395793291581482
0.7560078695396253
0.012665987361973552
0.08317656583727628
0.4983061687570033
0.09871354638100616
0.1708473428898153
0.6507727657389737
-0.0053230811086969676
0.08969780328259716
0.49010125533222115
0.029774594105532688
0.0004097424119451423
0.8443313374326259
0.09529647520653196
0.1383574185520593
0.7964203159213601
0.06697552162318188
0.13976246777787216
0.6800024064534476
0.028679410061608516
0.16624462298814252
0.8621656800638
0.004811214833294398
0.08978655913555822
0.7413430675382804
-0.017110892634872414
0.1898013339910476
0.6789713533945414
0.027105605989464626
0.16846024584141414
0.8002735045438184
0.008589960507458529
0.1372495181435172
0.8032022657541373
0.10121618740827118
0.20503890798960273
0.637024899584854
0.037677939830011484
0.14813904582111823
0.6871979606838889
0.025235647078708706
0.13548611085324613
0.7746303183554887
-0.004456915575891892
0.02993096575857766
0.9223240228199989
-0.07069189756582311
-0.04399180361175054
0.7371072338676098
-0.05486889775716098
0.03153149070931424
0.7455805763543846
-0.06647085089485212
-0.001055966577291314
0.6873306519210345
0.009188591359031897
0.024087698644780386
0.6742438593606795
-0.04956254176923497
0.06857009920034975
0.5928605190000802
0.0002217179171795855
0.15619913190513915
0.6827832407563176
0.11988235625680148
0.07111978867965547
0.6947927458107739
0.2702264592560588
0.1778747706330212
0.6567902100728374
0.04967846948025684
0.22632021017201975
0.33295483908465917
0.21394155534544584
0.11018129450969535
0.6385921617075578
0.18901497228430744
0.12182950475049056
0.5427638027531518
0.15308442674099693
0.10294892809628006
0.3881419382606677
0.02099537840315774
0.0330301062694268
0.3855473149209177
0.012603754195647611
0.04956784564340126
0.5383040526270686
0.06333060650321559
0.0364547445220985
0.49797809122206327
-0.04213299401551905
-0.10974939561342949
0.24304190428786504
-0.0164820234957634
-0.07192916072697517
0.4253599568173069
-0.0018614578579593186
-0.09892508519852705
0.2693384681669909
0.17012654495840893
0.11300310534894048
0.6043875317539233
-0.03446816801098729
-0.2002100511965729
0.4760387452054794
0.009457733366358646
0.03498302561485934
0.4659452618173132
-0.006072868799508727
-0.05001182871350415
0.49016621137560246
0.0680560600308292
-0.1017920128875851
0.31482718108667007
0.023872433630030228
-0.10448339254520855
0.3635852584531502
-0.09127369490495724
0.09526767012212295
0.3975077605876053
0.005107251714144334
0.02189974567194017
0.3609803010885672
-0.005130162460749477
0.10760762546988892
0.5632022439284642
0.04291734070980714
0.051763712331891934
0.5371390275565139
-0.014896007543244364
0.07563517994718688
0.5853457083028666
0.07066171868780276
0.03960211776372828
0.5638099994568151
-0.04014698075007489
-0.06472187910463384
0.5388660309918025
0.0006160852227231253
0.007887443532191543
0.6075536008096242
0.06540133328495838
0.01495943249154575
0.5936335591348161
0.003901801681787588
0.06894084774877808
0.7301604355408042
0.02421036783248477
0.15361414048788968
0.5713069511046687
0.07133553022930472
0.030835335790159738
0.45756520849139526
0.004478004670050197
-0.06382163999139981
0.4231813544837812
-0.012764939801889724
0.018275067007673177
0.36050958681979817
0.020237024750071657
0.031632848560644584
0.7778010559786948
-0.021196783348503525
0.1307518999166278
0.8968949302304301
-0.07061339851401825
-0.06689520201572223
0.6777689533390904
0.008530524819069542
-0.10167079125138768
0.6797966920953586
-0.04807003686170512
-0.07390946701129947
0.7856946437304753
0.023430538011255463
-0.14928115011199414
0.6225153344559298
0.0028835345363689424
-0.1272867834107349
0.6259597253093733
0.03778316289782015
0.034149404231254885
0.663599337498813
0.01896085466799227
0.013625231401086159
0.8834924433683523
0.10310708971554086
0.08991524485622815
0.7008578346540588
-0.02891474124627098
0.1086737668025812
0.5703690665820151
-0.02436132849609268
-0.04301484746693619
0.5927902675539659
0.07107343954767231
-0.09133668396248457
0.6226994106826307
-0.012174244160047436
-0.1229819284433369
0.5067161950703236
0.12466818754859156
-0.007141668257825199
0.4848068024866757
-0.03549572268955612
-0.08979596079896505
0.680546041341367
0.11938810296948588
0.06229594963211425
0.5757605679353958
-0.1007527755319417
0.14015529087393472
0.5334868464112443
-0.2893339891462379
0.07260945277783773
0.4353569217169603
0.026240271427672227
-0.02152861881553811
0.29895233232039464
0.06840220497757518
0.2644373266681157
0.3966764708278501
0.1370763396993002
0.340399467712741
0.4308099813762083
0.0737086242190861
-0.020134412355615337
0.5566258175930842
-0.025110174451068504
-0.018530946862756324
0.3239027644782624
0.048111521606775114
0.08597248120072362
0.6397125718975012
0.0035426906323537677
0.1434734075329852
0.6600850565729754
0.060415178873173034
0.15372871406103356
0.7322344878331571
-0.08007844742547157
-0.03997104412492961
0.6034910943545742
-0.026454788128156357
0.17081167534961042
0.674538165074108
-0.03981170546744524
0.0783554195414921
0.5464419475598654
0.07639254649001488
0.020548784278355974
0.47344340258930784
0.11438260935511058
-0.076806234027393
0.2572766884473237
0.05114191112471078
-0.004434602696626176
0.3619230667346707
0.08786149587067009
0.02036814517935842
0.5011977467476294
-0.1598562068278721
-0.03509788533696491
0.7145198318602048
-0.009595653344775544
0.1293475553919843
0.6415294459244537
-0.020353393261931765
0.03660452665444173
0.6263017460807153
-0.013339611141079837
0.15774021782400277
0.6963087479691938
-0.03558547814541908
-0.04753521940996326
0.5727963403773367
-0.023830033278103544
-0.012313771647252253
0.6616726450464209
-0.05450412528217399
-0.01656212578699602
0.5319102986735728
-0.15507305255482468
-0.08503505240690366
0.4417344951067109
-0.04009357715881943
0.06306942854130462
0.702513177256537
-0.08600514310635865
-0.05079610440143537
0.5065737228788589
-0.04186385792828308
0.07356125500208491
0.3916357310761454
-0.016654402233939
0.1571991570386762
0.562898204906935
-0.08141736297371484
0.021923726586885083
0.32371283817851043
-0.06431614791654551
0.04975941222975778
0.2913657664773608
-0.15875671447565748
-0.022656576193677048
0.4752432765694512
-0.04739457641750438
0.12882748456752857
0.5187448854303274
-0.0999633776999632
0.06731735224533913
0.40534651537312416
-0.09521319782380849
-0.04259941464255865
0.1832701596535576
0.08797692935287146
-0.10651786637238335
0.19703754328751208
0.22992216470635282
0.06513792491239398
0.31835832284684545
0.0637549848762336
-0.18825055804935015
0.31455361841143525
0.17294312287829208
0.1052467155432616
0.3795353107479753
0.14476744374590672
0.19246487201988152
0.19975347584249642
0.1169081558601134
0.37944512239290373
0.28161843493103833
0.1141612338480788
0.5538425635296247
0.23219717652228675
0.1629097512851316
0.2995607817374689
0.31718616243765674
0.16280672111036132
0.2593207418850938
0.33379436322404243
0.2643726466683545
0.3513539340971662
0.7415424419735646
0.29756952946915577
0.5704479950593129
0.7748706642747032
0.3801526222522371
0.6280133484885144
0.6136768204601213
0.5304348407980386
0.7285000684641997
0.8342347233692502
0.5850720760032345
0.8771276173960756
0.8876639909833934
0.5609901453468817
0.7112589616096927
0.7196501713579228
0.4652154969640145
0.6654103175874202
0.7995752292903803
0.3403916119218798
0.6478304960982415
0.4298232868929051
0.06652572310183566
0.2822029691344965
0.5886046525946503
0.0957695473915718
0.4375045296256827
0.5942486542240799
-0.026817520528266373
0.02883641593944334
0.40346972248604235
0.020938885681393987
-0.01030449753744644
0.3313285553345705
0.07260340806340332
0.010825581085581251
0.41967115663556787
0.6369600051146732
0.42313634864425975
0.3934850436352896
0.08849871090174702
0.2981630317686919
0.7411499912813535
0.20692033244928834
0.2053090165660223
0.5140748385493051
0.3998317056609532
0.1304624416461672
0.5513229799493702
0.5363832149747676
0.47797081875706526
0.6023099211943672
-0.10022689649154312
0.13389237464410464
-0.09607621651533353
0.2440805190579099
0.29404707365667837
0.12323777501897798
0.24219037211623654
0.7264560143952776
0.5091275613157287
0.169003374689754
0.6038250812271102
0.3892772466659329
0.12553376184056028
0.04593850193085444
0.420838855731239
0.02602018749070127
0.1986874396759542
0.03523199252782744
0.307028245621658
0.17504927623661287
0.030852774675881156
0.03481966945751741
-0.011414957040593296
0.03454163829180765
-0.009273561907363302
-0.008797838529266959
0.017773007413534436
0.018715945282226858
0.10011675303363139
0.2550657454847624
-0.0328973537355441
0.09576677510306156
0.32633105329451273
-0.13604814200709509
-0.03864570329739228
0.2915630323974157
-0.0681962725784968
-0.03326157801415675
0.20108580214470673
0.1592514527962182
0.23235194694655245
0.4026715448301332
0.04486722647638625
0.08822686879243141
0.31048357506363555
0.04258599189727785
0.14807817094333464
0.4657216371556879
0.15843037141382388
0.1729483033373138
0.40720320034956686
-0.027909598337638675
0.008964880716966888
0.28819562582428065
0.031245978462478237
0.13972277129510247
0.32890693090163997
0.018708230517501236
0.072361790158039
0.1408572518543134
0.09639793725506048
0.2063869439897632
0.34069676891795575
-0.04699149583137287
0.046170295484920645
0.41076943437359636
-0.12136289132121064
0.1250700552611852
0.3386448016670413
-0.001766221188925953
0.028425491236915644
0.2551027530269156
-0.009728267389528696
0.002073459160540079
0.2726460583907366
-0.020717137340379846
0.1015924334266447
0.36590158349018603
-0.03590555682876183
0.24206718215768713
0.3548785454299196
-0.08846493572341947
0.3313259545442454
0.5723986425522747
0.013474540514629419
0.2471265638031642
0.4830927514329427
-0.030130107034179874
0.22488070598171775
0.3523167492728707
-0.12520834717890506
0.10334175163177602
0.4521611904594268
0.15544164313574338
0.3168449452266555
0.4443296639919494
0.026024859826401684
0.3077620240978839
0.5581411038666944
-0.010079340951249276
0.12816955587775308
0.4496962393519891
-0.06096192037526739
0.21642229279590797
0.2901956319571687
0.11093831762551382
0.4317798817143264
0.36719397355511796
0.10009106720470175
0.5283015014168266
0.6508255142982815
0.0681933041798195
0.39792534386303835
0.617693434558038
0.11098328018089458
0.35341941106957886
0.6105605780060916
0.11336800781756604
0.4231779629309108
0.6714955623788127
0.025466495716846636
0.20343398886604563
0.3861987899482376
0.01267902034172044
0.2584152080616421
0.5267471474294407
0.1316951592746304
0.4914830141216729
0.6522178751519256
0.10436229811667158
0.4513724209780697
0.5986054630730847
0.1476108773597815
0.35917815671469056
0.5462187857259608
0.12594512023990823
0.41213409472648854
0.4935869707654564
0.0884033887796419
0.17289232340896163
0.4648932519335913
0.10359370367345552
0.2665029305053175
0.47699258607256706
0.13201710083997867
0.30510755069340023
0.4579378478833831
0.10237700821087371
0.2440463618470175
0.5266126167484991
0.0613549191623266
0.297094752599918
0.590346803160402
0.06284419701469142
0.28147080653324
0.5864909305534667
0.11610798255989464
0.34959116498230486
0.6096764497442648
0.17233062680110145
0.47664979608127
0.4660549530496173
0.13701726694684963
0.4310234762462236
0.41372067232671644
0.033812289842928216
0.2981216491786106
0.48242118268005313
0.061660411854085495
0.36428587505391313
0.5655448081590526
0.003537134679248592
0.3934214848253236
0.49071918175340884
0.03767555521416294
0.15073713501965832
0.373980832415176
0.10504276202770037
0.2711110605917417
0.45995748965112215
-0.04316549407302418
0.20953881000471228
0.44639419784751483
0.0820274015911387
0.24555877500028367
0.46334535566926716
0.029759887857707862
0.28190804190090496
0.432749703449819
-0.03131557802738284
0.1977498958831886
0.4068641932043826
-0.046413975185902456
0.2846655269111078
0.5861564753447017
-0.01042223544387267
-0.0738005250505226
0.6240388096348101
0.07590972216415742
0.17388077941718288
0.5991244357754211
-0.14313498963036989
0.16549291125343502
0.28280128234649315
-0.0024703937316059507
0.015524732650550668
0.11405068556912606
0.05623501199459537
0.0721992834643333
0.23489536810790698
0.5793489990041252
0.2301747134764594
0.6404751128899524
0.3634902297687345
0.1149702000008243
0.5848689008402983
0.1895440432956935
-0.014334326411568
0.2575693700241588
0.23892262791990568
0.007660874359998755
0.380770249626832
-0.11906732156216071
-0.31417161055160325
0.13174361830365222
0.008424831837440876
-0.20044338369717052
0.4177701828690459
0.006327070458793143
-0.22129999445213233
0.39343255307805836
0.0760831562915834
-0.29634983026843675
0.46114315053030763
0.2461691294394905
0.38972345229691335
0.5793837128310302
0.16914857055591218
0.1808151714681839
0.5877483494663898
0.134349524444475
0.5113182891041494
0.7392593411960585
0.3496289602521423
0.45110359987749404
0.6256937966246141
0.319962759708286
0.5945247325630238
0.9040098106771408
0.279133074303304
0.46213500537104574
0.5462018452109698
0.4917848920137154
0.4724837320527632
0.2332724662495548
0.09441081633135161
0.06980671226087641
0.03727340297589648
0.037189502197954805
0.08760865783038746
0.029398511298634113
-0.05040279050066138
-0.059761983518391154
-0.10568538748700344
0.11983188406053194
0.18940133250040725
0.055611216945816694
0.034688228338725105
0.05928218532416804
-0.04397979933536822
0.20149040581517208
0.05873263276913389
-0.15264610405796653
-0.04343204147153215
0.06169817477419827
-0.12142297925179649
-0.06217321204572784
0.08727751723499737
-0.1510693028962688
0.3520462413096165
0.7692746556732086
0.42021946640142055
0.11253847015433353
0.2549331738798699
0.13398709818902427
0.21958439921037043
0.480982180711997
0.352328813767786
0.028685014973657927
0.03512248686040486
-0.010556578888214627
0.025327256900436163
0.015120710265690543
-0.053708807818718514
0.05857102001159817
0.003037997584628669
0.0066140097658156025
-0.02184563407457773
-0.024681607255994283
0.0740217538105288
0.023728067949071258
0.029158561616353305
0.06801750598888856
0.014025952488772413
-0.0661302844045348
0.011589357547152707
0.06791319911595106
-0.049409205189788766
0.037531136507219204
-0.020055759756670014
0.16948785690021323
0.05803384495583662
-0.001648296462588912
0.01070807795965543
-0.09054726914075928
0.08207421857973335
0.06948593117145557
0.13540320752586127
-0.07561901736673761
-0.06569643114959534
-0.038514924452098746
0.6491776013505572
0.42508119398832295
0.21675251212803823
0.20963035610417108
0.3279131749158959
0.231437507951788
0.33737870822338134
0.6881955116712573
0.1566949474797713
0.2015688994718023
0.4454280706151037
-0.02260533279988916
0.3291842374603876
-0.01756683189817353
0.03043425519989188
0.3194339216567629
0.19973232851356615
0.17977130942555913
0.41016520095258324
0.19520344137420376
0.15020088876809545
0.32806257276690787
0.010366156096039223
0.02365144657900604
0.3819453192285297
0.19803680235743318
0.09467493789732957
0.3186953753576831
0.12688706870381183
-0.02592992689605211
0.316671037048621
-0.06660322053333784
-0.08600102062912748
0.29215297038104243
0.03426027010724056
0.017264545686971604
0.41785001195113447
0.07251419508263655
0.0068372444828312985
0.3406177672815336
0.09571381155089208
-0.033610759953214595
0.43904297041957774
0.06680530542859513
-0.004677620920187215
0.3322959717129799
0.0952847600554764
-0.025766929586333993
0.1736138629310191
0.0023240219005379557
-0.14972957325323197
0.43700783076168714
0.3101258493410458
-0.03872195934856609
0.4602651198759388
0.3003683306450131
-0.032256074788626535
0.17959802097384522
-0.04810601061948026
-0.1797962717091483
0.4888139847671674
0.0564875936277011
-0.024910587578007296
0.43878589259346334
0.07302810190563896
-0.14273592415224157
0.4453212421423568
0.18886088357857317
-0.025517319860897475
0.4821394604906389
0.06559314135684613
-0.1125960283956749
0.24998574480305286
0.014975872945484725
0.05215206819563796
0.3017308310225333
0.0710693088113796
0.03374557436296525
0.3155004558691099
0.24657301173383897
0.06741110717307315
0.22492546252849768
0.37810328059376497
-0.006393696769721811
0.2689918775447
0.5131744991934735
0.21208293022508973
0.31381620022949797
0.6138305446569178
0.3156164608279684
0.4295991433076747
0.387008147288448
0.2949214744947705
0.6452507573837589
0.38708127038076845
0.1729946786305709
0.3014507451054814
0.27488017214744986
0.3547574687407153
0.5999784418533944
0.4148119573041861
0.023894751936197715
0.509028308703932
0.23050683825595195
0.07728645624891954
0.5534657259338016
0.1659445566394865
0.14098607652396766
0.6472395749991109
0.29691633392224587
0.1934651600175393
0.7715380150851666
0.3871007147487271
0.207497777781741
0.7997468716137032
0.3148263093255565
0.03430202851789542
0.6610973614926537
0.23185973594524928
0.11306299999543812
0.6520466563161822
0.16377678904892423
0.03976682525180908
0.831998659824589
0.5226361506623967
0.29147744456869107
0.6824615031372407
0.5752714732864412
0.23045104668825533
0.6015633083810478
0.49716012996300474
0.17329621045587962
0.5241160618569524
0.5115215758123868
0.22155069823054824
0.35694556283506496
0.42547564678083427
0.11758189144508394
0.4776784205569055
0.4329245603539119
0.13115199956052287
0.8404954455974889
0.5918285449449068
0.2518101879518882
0.8001661885828265
0.45691774162575965
0.2971347744435642
0.5231290787978189
0.5259415230012054
0.11659138135542366
0.7629017722538645
0.6924831165204388
0.2551858337846953
0.7863691542195146
0.637647470416884
0.3450846219082336
0.9057905785660577
0.6886964716871306
0.28874459558708926
0.8492543329933817
0.7666528053342156
0.37392446734508755
0.4407304773179119
0.4411992303693365
0.1403961411656518
0.8061151115195883
0.3865462924986608
0.15282782382311505
0.7514798107894403
0.41759794676255024
0.18681686124940747
0.666496056716307
0.4834177509091042
0.03686663617773551
0.7352422622279682
0.37259691275206563
-0.07153264683334395
0.791393833169761
0.4690931783072043
0.16833405574478527
0.47236208100040344
0.47437926917180195
0.0584413681511788
0.2858323858183005
0.26301364830786866
-0.0976698951991401
0.6039154303854025
0.5376645014228314
0.21555611285282916
0.6402225678205062
0.3321308725537223
0.08185410047677712
0.6095250883025585
0.34589359103186335
0.08601071551993288
0.6915589726212361
0.3982898669690116
-0.012118181993200104
0.44523779496399263
0.26307586177287406
0.027840839354174148
0.48067620573328296
0.2450696144812784
-0.2145944304148646
0.3020791473362327
0.1843790359648626
-0.07259012311782928
0.13523974467257271
0.084153708011008
-0.1357434816837296
0.41509645599448197
0.15297596967717997
-0.14068928563167893
0.5470455197067963
0.2660078998478156
-0.023685699082434966
0.5550521279867634
0.3332071386964788
0.08127969527545825
0.33338855597468053
0.12889330707143037
-0.14252854190353506
0.3215775956837543
0.4304091826754959
-0.03140120320144242
0.33066992675209356
0.220853982618927
0.023541617443807943
0.259316226253671
0.263521009047763
0.16140319504300296
0.14062400082840673
0.11681184015200272
-0.03141367821179527
0.4487666300951946
0.27437671025558974
0.03800215340200667
0.5327958115117879
0.39975341780345586
0.13310436266768683
0.626837431827985
0.08235700310179506
0.1228172549774113
0.5381576472337226
0.2297762889429671
0.24832871892262895
0.7320754623490859
0.5045731828382891
0.2037165084306488
0.8489459484480524
0.6199060511134564
0.35271430513700935
0.9482856622858666
0.47651449150309844
0.2917000062835585
0.6966226357765966
0.4233976221174113
0.19066271178360764
0.5493267914441726
0.06795506360046173
-0.1358360799215117
0.30065972921238365
0.056311431885158664
-0.020428602268683413
0.6591529250703808
-0.04175150207727578
-0.051925594038333106
0.6521885418243618
0.07583285557363213
0.0872128900869799
0.3956470950806414
0.24065305151939628
-0.05533158240579356
0.49983136793283667
0.3104867912293665
0.025731205227026283
0.6424645884711919
0.20082046534586073
0.011042805106368278
0.19631569767320742
-0.0019323002156546518
0.09816401583557535
0.4000923597441281
0.09628084421722305
-0.035673242020180684
0.35957253845115666
0.0008288834488506987
0.06773537373807266
0.5185602291725345
0.06057203927507646
-0.00035480514188900817
0.7076431795237557
0.13534041777199085
0.059041438374426124
0.5185621085531058
0.036127638050993185
0.12254169386053627
0.5067230524307591
0.10958594332237673
-0.028862106184849235
0.521707837209642
0.11863545428655609
0.27066750470173295
0.7292733888700932
0.08385015669840229
0.20841656292247734
0.6020163380743105
0.012173896325434738
-0.09535591438187871
0.6700065826342327
0.20796260806842268
0.11034386279717694
0.32335427457348925
0.5054022546173118
0.45963627238536126
0.5672826763349829
0.5852418498543444
0.4676691769319525
0.4057189292612653
0.324087019693429
0.3524737038006618
0.5136248072721169
0.46472337074539033
0.398884588504269
0.40817653706806856
0.2213291285006959
0.3644545069632392
0.4403912425246861
0.35264148214043484
0.24798950660433672
0.6679898394930467
0.3425541411253025
0.39900045326269373
0.5494496832997193
0.4031649450501185
0.24086828366288532
0.6755137477252977
0.7061483675659542
0.38099838676938474
0.6120609937769155
0.7946103725775412
0.442960750629908
0.6916322145612442
0.7226469031429905
0.573496273145188
0.8921010956067897
0.8075731274546338
0.5441165698821651
0.9212669487368463
0.6901764744077615
0.43142126538359277
0.4179840966046264
0.5751724920920409
0.49451248675150883
0.7573305054034626
0.5950954751784779
0.7044430783298716
0.5595261849293909
0.737273553535697
0.6650507764428748
0.4852052042454472
0.18783266315561298
0.17903122829898943
0.4757858331162467
0.1742212973456634
0.03225533728445385
0.7577113230437365
0.39882197170370143
0.46877276235373855
0.6644273062406492
0.3127616320215063
0.2785246282255142
0.8086858654140826
0.44195250516040885
0.43383783471439874
0.7044932659190276
0.4363888441285527
0.273244256412447
0.5820137207816727
0.37725613261959556
0.26553070494509273
0.8553144205685452
0.3528408787831987
0.3900943855247889
0.7460355451919205
0.37182255193008135
0.46320249532533986
0.9612881203741332
0.5099071826751183
0.5303153275966088
0.6095807648047771
-0.01665253738964232
0.2023349560298215
0.6175774487430874
-0.055030388744715344
0.37783241328379236
0.717598913006456
0.20515256635004792
0.48570832421482935
0.7629018449273877
0.2738296202161925
0.1773401917886257
0.11626079817686305
0.023379777705993504
0.17910802496709996
0.2674737452309749
0.31872941762314405
0.33100565901526213
0.011978750586349327
-0.048162552350534224
-0.022081216323657636
0.31859580379826635
-0.08729563981401164
0.4464597029356317
0.5030446601298065
0.08996261341015872
0.29506427304600397
0.28650201349004406
0.19012518485742133
0.1759836776808736
0.46824572522727154
0.14723260676456035
0.2709638304002773
0.5689703594903078
0.2756631825435906
0.31664441879158767
-0.07173964090480914
-0.13511897648503818
-0.27749166221641963
0.10912285845658294
-0.036510257501430145
-0.15159673926309447
0.1581218642062805
0.38294555346168324
0.11413332846093496
0.34813359397763477
0.10084127148235278
0.2378505345328159
0.03104591231581247
0.07388553697155913
0.0678657062019601
-0.06355495218262364
0.13536178026621637
0.38501771500374266
0.13612585878518962
0.32128718576106996
0.22657119214636823
-0.12456060178166768
-0.049365953731480686
0.13859536828156205
-0.0033871745191865407
0.07495489870691213
0.14421833889347632
-0.11298781452465344
0.11385266329593147
-0.21995092970848115
-0.08386564927419196
0.41741258731632774
0.010002818685970348
0.03833320720501252
0.15917320859827389
-0.09642822149757364
-0.027342231776561542
0.39259906748002227
-0.20545076405012913
0.016195297768069786
0.39481876731823323
0.16611382569129557
-0.12266994776485825
0.3493893716855966
-0.0332975077273116
-0.00980667419045662
-0.10566059740477715
0.04183957254122132
0.05804902502665095
-0.020624436537993174
0.17277567174908623
0.07783083135956212
0.03102247531156571
0.14030179965843687
0.20263239388642376
-0.05815218109004407
0.18168298540027097
0.0722849883591017
0.025131469916204678
0.08775828763258356
-0.07483071793986393
-0.13376736423104246
0.09299124875532894
-0.05583281967177006
0.03768358129401392
0.3967652202865015
-0.023090408502472046
0.13440305523415483
0.46028524272542815
-0.04980201010477654
-0.08618827471071618
0.08217583397704063
0.21575601882226594
0.38458574925254113
0.1841295829031333
0.12505370124624735
0.21700038332990648
-0.053108389833998154
0.1905476429634182
0.30812736553803954
0.1354644121880446
0.030288125532858076
-0.004879254052112019
-0.24248495470854387
0.06603644512728342
0.09806154677423423
-0.09417980180891397
0.05289610807951708
0.023379145089858
-0.11424193665425159
-0.05783742147422363
-0.029468166253554837
-0.26506032467461516
0.06889249204696682
0.052374266205368725
-0.19193644664765247
0.029349112807310927
-0.016346818912886193
-0.2305683794375034
0.1464617609183534
0.10759771666086283
0.008312282450779512
-0.0016669575370868933
0.03672268116627735
-0.03206017030622336
-0.029450085314938326
0.005489767407969586
-0.03457478167189228
0.03589815715171012
0.2684254221031652
0.08811155110280253
0.0763088233756521
0.39930064381438596
0.08220932184626215
0.03184839539814205
0.23880972095973607
-0.16545464503371599
0.16678378212323203
0.2971323704679266
0.11127895569089949
0.13220614348827223
0.26613774205283935
-0.05018505935045273
0.4846312667968552
0.46219273700614716
0.26006929119373257
0.24931121024731068
0.2765625652038581
-0.0029726835913293035
0.334574538709863
0.26132347797025857
0.025892189958585925
0.2809759796397243
0.4653215715963678
0.18911467643767804
0.3445216799333193
0.4345128138161596
0.10824139986862084
-0.05111084070471514
-0.0515106098601889
-0.010459369436438586
-0.08279861585109718
0.03819727294754741
0.040414356355782305
0.2841673721298823
-0.05691408637115991
-0.05137191087434256
0.11967726294618937
0.009543739874093224
0.015799102938828698
0.2139264376845138
0.09692654796609755
0.004129885535296742
0.16090045783992796
0.011863767450631432
-0.029066158227491326
0.22868146837797224
-0.0029347976680593885
-0.007812025573728162
0.0012268059320061442
-0.052053519184565564
-0.16043857079333768
0.06251378896677083
-0.0554997570231017
-0.2279825862989589
0.20016931890913015
0.03016415981238429
-0.022847229047954304
0.30424004505691415
0.1819040446614297
0.5267461037126158
0.0884904027948123
0.18485859154702486
0.09214603743090953
0.17108241217609957
0.007866943752176447
-0.03043069901825993
0.0300870081509388
0.6260810937157981
-0.025737860608868138
0.194796416092762
0.3737330977781239
0.08319092901179313
0.648288933059367
0.628543299299194
0.19688272416318642
0.5914836590528337
0.7758692292071819
0.3041194927380298
0.4367033301239881
0.517559310160055
0.2222054260397458
0.43561903564412396
0.4844989763750872
0.027291462254833084
0.48327862117198783
0.6663472064113025
0.11246799227877471
0.6849510702956371
0.5990919517421391
0.1949004993035188
0.7082774334391266
0.6289204498297316
0.1631987680408152
0.7462866291536885
0.6965900317935753
0.1964032532927697
0.6799790639818475
0.615541134980748
0.21946107529578457
0.5130589619915542
0.5691230894554711
0.07046084268377686
0.5930479631179024
0.508775152841445
0.15681496354205865
0.6189023368979187
0.5395902634353655
0.05416284142791933
0.5529489020087438
0.716224758700767
0.13539454385586455
0.6227289171313801
0.6243634179758593
0.0668211418356705
0.5328429302855676
0.580040107651844
0.3364793242119286
0.445904319053449
0.5666189664382868
0.17906925657486417
0.3355197413557697
0.60672770470158
0.12081802546758177
0.5235897678680612
0.6521639965963901
0.31957885130634167
0.4768009930523476
0.6314735644560043
0.13096219930107397
0.4498663523780241
0.5040168900666273
0.24200043294957288
0.44070587027280006
0.42311779670493294
0.014813128675374484
0.4010898383375173
0.512687328556694
0.21815851840911446
0.5120456314967944
0.1380572096837531
0.2515287617616892
0.4412511933055504
0.28664170785021303
0.19827109053297712
0.24738489422525983
0.042226207261174216
-0.026770293698007597
0.31916742428834877
0.12844547837029782
-0.08860563337957503
0.21081109716064056
0.15056013984794456
-0.24976554096475773
0.41535842348619767
0.2598168084532474
-0.03152949299324708
0.24831231993373917
0.18484177858768103
-0.006519574717706002
0.26390992383841044
-0.002612682558918101
-0.12308721405893044
0.4509075954393461
0.3152539255290549
-0.01713146084328108
0.2990214725398551
0.2581490354205458
0.030655636166714684
0.22055777368775967
0.2879852324394434
-0.08493131870195757
0.6788549043161931
0.8182155133283833
0.1453955736601781
0.5739254891674734
0.7310936915329647
0.10544413807619973
0.6083830615881638
0.8115992019998991
0.22885529248852057
0.5159869162470756
0.6988383535804187
-0.0659647945496666
0.48085204102416146
0.5393641046611704
0.23010973351871472
0.566925162556777
0.2603330987425567
-0.09680216479091225
0.6509700889220136
0.39860155810527
0.07991750157255968
0.33824140212093357
0.5957290970202669
-0.05774514341954763
0.2313842461358676
0.47177162719139365
-0.2570142663302599
0.42853929944307834
0.41499077914615146
-0.12415307992993967
0.32577279214413035
0.35803415184019255
-0.2114204488976625
0.2586350148300482
0.2264621901394792
-0.04063334998432813
0.28293996377387204
0.24679730672829417
-0.1101481645604151
0.3021238230103932
0.2630234895517815
0.026989806720856168
0.3391813765533013
0.3399862672181169
-0.039921987418183785
0.21274974275782227
0.07141663564291792
-0.29352355155117815
0.4626012624576454
0.15063856771360057
-0.17862227667506375
0.16304387250903543
0.4402120284221158
-0.21642829977074501
0.004899116810312242
0.1714527460752439
-0.2577198327988224
0.289659999127457
0.5284934948734087
-0.10646579960653163
0.301514905671351
0.5743297642902336
-0.1307209293031638
0.02740275944593402
0.12701551011308282
0.023399808943646183
0.1692695172269661
0.35427000479714454
0.17529346888435113
0.12273780539053074
0.1590408769827203
0.23822720111015477
0.21730337798900085
0.2641873786542389
0.16628696545696486
0.12670147526541864
0.11516331747151154
-0.014895577684708082
-0.004819303360633945
0.045330568652057215
-0.07600106935527882
0.09265341035600422
0.10725031432146154
-0.1639829308539736
0.020704617728918913
0.08363871000718165
-0.22409443135276075
0.017000329123344735
0.06123345994349062
-0.1580709466707718
0.10854465759029439
0.08729768822272188
-0.13767454123965353
0.01324388812542674
0.31074961120205347
-0.04624423427837649
0.07659192144328117
0.1519357167587421
-0.1469403923802248
0.2557791438563616
0.42741958714205525
0.0411505786294708
0.12348387436799722
0.26817545445517166
0.0873254350031991
0.16819640815823975
0.2656375471523762
0.2796516210276564
0.01193544998625201
0.1844347533806988
0.24141328659699543
0.09666705623166519
0.06719779613306033
-0.2999442836166767
0.1622648250126849
0.1610242448482032
-0.11783072531253419
0.15439583951394342
0.1441312452666811
-0.12216712402041986
0.14844355163799372
0.17610121062226092
-0.16047970309749687
0.08554071473067373
0.046738219121505345
-0.19079501718233172
0.09461882000378558
-0.01791009735445749
-0.23826340539069413
0.06934410472745452
-0.023108600463630363
-0.23891232512581967
0.0494911837201935
-0.031417131639517586
-0.26124956667699495
0.15061697853842032
0.1061264165539321
-0.18798622426101458
0.2423804286407353
0.24863461139667342
-0.054775170104671825
0.12560179559841494
0.3566804469662473
-0.05274064417332108
0.2086890776003527
0.3459350515978534
-0.001536370361138163
0.2036267673926767
0.3507068624666767
0.027830693892584295
0.14140439609462557
0.284077019135342
-0.02968894120841502
0.0664663556404833
0.14597937125690152
-0.045100826325265554
0.040525095160852564
0.16014311175307994
-0.13836079070254081
0.12741109469980633
0.17043980992370433
-0.08164021901559877
0.06741112907920109
0.07702862711855407
-0.08631578532664597
0.07385708647362926
0.10378813309270496
-0.07753645594650763
0.030726472938538904
0.13062466706270398
-0.09561450869619698
0.07416422756229366
0.110018000074696
-0.024592705383064656
0.09782104060895364
0.1609736465601353
-0.04468332555444683
0.009313548609669906
0.1441728635789602
-0.16795510093085986
0.03806964263784203
0.13017454130257478
-0.09521574867138836
0.06919296065136733
0.1918504530931492
-0.07284844185276305
0.1842664881126442
0.3248216290583319
-0.07114794230544952
0.053887100949676664
0.03750165321932953
-0.3009672095610463
0.16568143135073227
0.17955055630403194
-0.1980673068627939
0.18235289541125949
0.18465068617978347
-0.24867776426416094
0.07628447712381584
0.03734437833611995
-0.19439904830576896
0.18940397028135092
-0.15619152988093885
-0.15971555523911224
0.040846247040648084
0.017962719345482745
-0.08014075294538053
0.03292463047840236
-0.011522219522005148
-0.14425013859332197
0.07334817601893073
0.062036079188810773
-0.0983200516199992
0.07791262791286095
0.0432311299456134
-0.08639901434330394
0.1022393584213103
0.0587226710162703
-0.0805763139679286
0.04206637140024846
-0.05193929611721426
-0.21892934923570936
0.04849361706506036
-0.042877035192999534
-0.1468508112004409
-0.02610720496600269
-0.03672304194533832
-0.25582849525433127
0.07663228389809436
0.07730043562974238
-0.09368182249505645
0.021423003506771204
-0.005221223329791759
-0.16036688918249642
0.1648539135264042
0.42020619480296884
0.2496525607169182
0.19773805755446133
0.4403571438468056
0.14602292867718952
0.1760871874645797
0.38852226827020864
0.16861988790308785
0.16315244074093738
0.4026555075534199
0.15715033497315845
0.059463091220521715
0.17469764814412234
0.020889961154941905
0.008196613547649938
0.1207729220395137
-0.10164698986170351
0.025646255150288726
-0.0016483510132935253
-0.10542306678739186
0.019018280553744882
0.018680242277891793
-0.09221300567869913
0.011653637043846277
0.025210151449848263
-0.08702862269392674
0.08862381125600954
0.11580919327481957
-0.0005098024055412795
0.02879351890746424
0.029368369855241997
-0.05667360980819011
0.0009340148051570794
0.02453592922193529
-0.07210124272564737
0.10830123003170736
0.30954412927010444
0.05360564742377328
0.16545909068371548
0.2625365483277611
0.17520413684325348
0.2910201276834885
0.46799539164667225
-0.01876974310701974
0.3514212838048047
0.4435730659182854
0.030970886106594958
0.31284677107979075
0.4036216118806058
-0.020963769836923024
0.16232941787413196
0.4118905647040654
-0.028461288690975587
0.20184814613898255
0.23160709481233316
-0.13941297525971685
0.28450203627189774
0.4615113963407692
0.20471340150359205
0.40326771496154784
0.3733981965172857
0.07047998646588313
0.137080542794091
0.2453981910373757
-0.038328052733416815
0.11399029657100694
0.24295411676280682
0.023826868224267998
0.20989912333678978
0.4183769770067597
0.14107323443244124
0.24747128246478403
0.4360119119839517
0.14349751212200637
0.2544203968142791
0.09919672132123372
0.12821600323297425
0.010712200249690138
-0.04557910716860231
-0.21050477483079377
0.035951554148809656
0.17562252596492112
0.0769283456341882
0.03519090509522851
0.07746855804573255
0.011022844842339537
0.1110283824396594
0.20128951204765377
0.09471866813666019
0.044352853961343336
0.39494394975226943
-0.06456385735307177
0.14259452212195003
0.5219480223844717
0.11883045715603444
0.15009943766672085
0.3969366473999665
-0.044103325913007765
0.2032246475126424
0.27199172435575264
-0.04247717706008115
0.39536757521772203
0.6437227991483008
0.08397615566305452
0.33794247093747465
0.7808682532278901
0.02153630645214979
0.21139849224929264
0.7294409240392795
-0.11012762756377123
0.2334215273984732
0.6489337194309854
0.1769698877906899
0.18823407021382618
0.5694728578681041
0.08553141581669077
0.2824676166432799
0.6136033171297142
0.2322418355720947
0.24423691428197894
0.670891746693084
0.23997644404645008
0.25562287079667667
0.6403585993407908
0.02731669461429352
0.2225922907922982
0.5821464164829254
0.03939823523541637
0.1841623655647655
0.5633104554263634
0.027940378701768284
0.35916278358762294
0.7189285598258252
0.17766034919961055
0.3375936170987353
0.7702525931920271
0.17998724073262656
0.16837969058478466
0.7673865303489471
0.11530105337944685
0.29607164967256006
0.7344359960061946
0.09056228163987046
0.5150814498692018
0.6775695886635169
0.16919388798256557
0.21168542715279823
0.7753679476522537
0.23976600531803746
0.21955674834798838
0.4950260260387808
-0.026463295140648758
0.25134923976924406
0.5700458758604691
0.1378625087726589
0.24473328293880575
0.5058707129039215
0.13228509520042198
0.2614518268824013
0.601468966005932
-0.00017080799010568345
0.1316433121845438
0.6708432428051223
-0.10195069651350289
0.3250518668032311
0.6500583022834951
0.10618236686842497
0.11131279455325166
0.2921594043786776
-0.020467332829704827
0.2303805928370834
0.45413016204374046
0.1378470464742895
0.16174481641215055
0.41289525672025607
0.06538238805929347
0.07342553121174061
0.280303299213907
0.017027247163422462
0.11479159870439604
0.37447795132750844
0.03473321638017792
0.159316755949804
0.4320936074016344
0.10960119002070162
0.07632182365158954
0.36740078290869943
0.09761398404433896
0.05969937235946765
0.1928268639504349
0.01068967976059062
0.049380949316732536
0.23911599512354248
0.07292560304838668
0.13799721951405167
0.5143555891324987
0.1433686259237654
0.08824019077168099
0.4622224054497044
0.05621639850554941
0.064774509034941
0.47015940333694184
0.12694326349080454
0.10383030854497072
0.43218017487347116
0.08750181230235385
0.21498402152962415
0.4719535235501905
0.13473572412761087
0.23311335493289628
0.5862493722279484
0.1158255068991454
0.14205815720002873
0.5382921271891983
0.11263152003947235
0.1317606524985613
0.5082501603292452
0.1015278859566841
0.1553786296706704
0.4887654194935179
0.08978458395898567
0.04958231685452111
0.3942684332372308
-0.02511601015940593
0.20603345172442272
0.3137178570636836
0.12016758442297625
0.03640415695603318
0.2828672061422592
0.024032143528556708
0.2347056277610703
0.43590851506010064
0.10479425207452764
0.17608128867398662
0.3749741709589772
0.0449447442154908
0.18670184585535504
0.4008010936323243
-0.0027937678938855307
0.16870265701827386
0.32101100746213707
0.013802294847817174
0.3957159308786826
0.5351159245232767
0.16233831611435373
0.14501465248902304
0.5553388597200759
0.20945046513905766
0.33555477970773157
0.6083492452310981
0.2956107898740348
0.16313385271916025
0.32188650561735854
0.14714585386431817
0.0844374424280707
0.3674175504183992
-0.018245440205770257
0.28936758941952556
0.5077904881210692
0.17198780903439864
0.42532022964325533
0.6079662959425869
0.27634567707812313
0.5054962816767197
0.5705634241328817
0.1910367095373785
0.39073380852053946
0.8268705221015955
0.27022366992109587
0.5209578275300586
0.8458872242532489
0.30321419816994255
0.5500312432437977
0.9152128318598454
0.23008507322593877
0.519161469162663
0.6412776364023847
0.2851987281725459
0.5337213253906063
0.9109647368508774
0.28436776426705457
0.416577789772136
0.6891363989040036
0.30078919617347954
0.4461792214205206
0.7783025534370179
0.27321746023646015
0.5741631731531339
0.8343448131386265
0.3039969332903946
0.45254057274111836
0.7151464178395411
0.3056162337652998
0.4956287785262881
0.7716895660173363
0.36271236135369467
0.5091881151570004
0.885943751632933
0.3905697938350929
0.3179366072710463
0.6946739674827445
0.29858176359664745
0.4221680923299091
0.6217042872172187
0.10390490271053586
0.4581155833752707
0.5847477724654
0.07499951467082289
0.23482205998140465
0.3373377766882031
0.051703365477172275
0.23540283295942066
0.3916473261849781
0.020857132786787302
0.41907939452024257
0.4568290641071028
0.09667617354397137
0.10162968044224792
0.4118543978199185
-0.06279179637309054
0.40867808541907596
0.7635574516141479
0.1354646882452341
0.2884990928694036
0.5432709063199792
0.06086858306912742
0.30952922726202414
0.479098034717484
0.18528123304452432
0.12524980899280533
0.4433695738666047
0.11991809255459343
0.39333051984527034
0.6830714456989739
0.26050391012001944
0.2839918685089785
0.5555622224497938
0.2036235756241458
0.27356301894609736
0.5037443255874787
0.1910967979585545
0.29482873311158314
0.4697026072611745
0.24436622558329896
0.24135057605574978
0.525477878765416
0.09979504420351004
0.42531308393946177
0.7038701371745535
0.23182204769050735
0.33386891121831286
0.5345677558941038
0.23060653221866187
0.14580685418162664
0.3179094693827521
0.06919338183611962
0.5274122702772217
0.6557347958925692
0.4213919133302176
0.47465284353087006
0.6530534221025943
0.43634011993770633
0.44206242648844307
0.5865048947770652
0.36474430217509235
0.43166263033854063
0.4952159522375612
0.043869867457966755
0.4481829180181832
0.4622798237082072
0.05834270091602778
0.6153617520353218
0.33800430013223526
0.1447262960996308
0.25281169223778643
0.6487562850439669
0.5236942878699589
0.2519460265553032
0.4292600950740027
0.26707064163980954
0.4800656162866398
0.3671901999320677
0.29963703222533034
0.41813484157508746
0.20272534630317296
0.16578114120615192
0.5246096620518202
0.7865570011372119
0.3142473967711555
0.6153990159611237
0.6343231044639133
0.3664141385502999
0.897876985523696
0.7538174306879978
0.5489323342567367
0.3111462675507311
0.3224849751515369
-0.019523631015745845
-0.027984418839701472
0.2651283230555569
-0.1592747220588605
0.2823154081232353
0.4694042874411173
0.1770053947508333
0.08718159382813273
0.4849175013849477
0.24792647844246507
0.2941635940888198
0.4450512501311536
0.15320548111356638
0.5568232486349017
0.6222004232569012
-0.08419783663445189
0.4893512308873525
0.7945909320211489
0.272097961588788
0.3172402998198487
0.5842618229787201
0.19441655300342403
0.5706857729287624
0.6757009726287753
0.22715332062760574
0.4931493235466917
0.7417038299310185
0.21987803993523206
0.24524381649497137
0.46098103203247
0.2940061470805474
0.38671519663485976
0.6688638451688129
0.4733514828861513
0.660296132808981
0.6296603470772176
0.20039519259571323
0.2810402643798823
0.4432332102698835
0.17664191177518365
0.3409713396491484
0.5234378995651283
0.2795480916032108
0.4631682105376791
0.7612338454742799
0.3010906647185042
0.3714411855444772
0.7047000038227097
0.4208284421510633
0.12714486815606899
0.6546624852295867
0.14632337577814086
0.02744691148133504
0.5541752462392263
-0.12919358253250587
0.01890966894824283
0.48774428902127676
-0.05274041940820577
0.14225002634946193
0.38857950740126496
0.020808025519865957
0.2470132353201977
0.5742074492123771
0.16715060561804054
0.2771777317922553
0.7765247403679971
0.2480955606034737
0.12411132837999096
0.4716752886645255
-0.08461533929469456
0.21591978141202478
0.7884751352708393
0.22083020008841875
0.13041955464490684
0.7097232591061611
0.1824710106611935
0.042671597058276736
0.7754822804780784
0.11236189577111141
0.0693297548043335
0.6776058059416601
0.13781636285675591
0.008438476322852334
0.636503710957718
0.052088048432905855
0.01689024051614546
0.7743035021301335
0.10663420156463128
0.021272249154782985
0.6994163693803683
0.041596165743505914
0.0947910648941972
0.8976523611340652
0.2066074885362641
0.024836738503956984
0.5603705676855104
0.12574699578827236
-0.002297741349819027
0.7605472294206692
0.12952778031495987
0.016209134155247586
0.7991015312707925
0.004608693666424343
0.1038300979741035
0.8026866000804396
0.11793222813246101
0.21868128407248297
0.8266184962914435
0.14655748280880254
0.12294749755499214
0.8042438441252363
0.03816107176050849
0.1794026404871479
0.8332651773052469
0.20527896449784414
0.40944969448154
0.8121554176238392
0.35277437125795913
0.21971764828723414
0.8880006755909435
0.10638897553610246
0.42689898128592946
0.8003351655265911
0.150637867636709
0.3602333206308199
0.6306749656012942
0.024292901843412203
0.39885978751488865
0.7452119834201706
0.15071776460561037
0.4545882841501455
0.8311961473776495
0.12204840275272344
0.3809789412868114
0.7433904251305263
0.16033336638879492
0.4248282816927451
0.8638683689083467
0.35188996431077413
0.4872743227469908
0.7897926786416642
0.2553593245459166
0.2079336991959593
0.8052672230604043
0.17851364556697602
0.31507796007594024
0.8885956195672975
0.2493471587818584
0.2474179442919822
0.6989223292419832
0.1265959001767433
0.2230703300971814
0.815627635695714
0.21395422012045626
0.34380592125115417
0.511702409243547
0.30164972877121343
0.3083087729057155
0.6475431451832423
0.26777100638579443
0.28791039870319746
0.7360790201396574
0.15443734981585808
0.18406011368554268
0.4664016605989324
0.0831098178882306
0.080540686562824
0.5776626909088337
0.09542585865156192
0.31688062143849915
0.417923886981092
0.118248043020396
0.37382180565549283
0.7719945307219429
0.22977590174860196
0.21175537387611798
0.5627099103956287
0.18239420377613721
0.2720686308320405
0.6362996848469944
0.1719103201678824
-0.033470417172497935
0.39908485589777054
0.28321524202892134
0.11063200452621844
0.489290652465096
0.4128342349489099
0.12847324549614414
0.5129534724171614
-0.003774128942115748
0.12651133057814992
0.7477545694513302
0.32280714872675353
0.03704262510730583
0.5777978469375333
0.07322261114807871
0.11135804593931688
0.592545786535005
0.3386506190932423
-0.007862213556124056
0.5813415639734809
0.21611314766503767
0.0823490394489865
0.707726495231747
0.4088213976586228
0.2234447132343378
0.8384015443592953
0.512632063904778
0.3457926396246268
0.8683184907947128
0.5280525502036063
0.20018901996094352
0.8779305904825538
0.4657498847035022
0.02128313208328106
0.7018350238347353
0.45626606132710834
0.03376949102243005
0.7321439525844434
0.3121203783592689
0.009259215457350728
0.5426748593475055
0.3745658630485638
0.10004396032142715
0.6194451941950453
0.4866289113432567
0.10866014235525753
0.613218457982557
0.17288760913416376
0.21641239125910583
0.5888067251440221
0.2406114022082753
0.03370732907946616
0.4514826413142564
0.32843814796166254
-0.08564172918238316
0.34947330542767385
0.10800180229794457
0.11970157251246669
0.7466729216220762
0.6326068621089855
0.30300053705230845
0.6472281805402671
0.65386997776437
0.19032270462128095
0.534899021503018
0.389243722192986
-0.032597547281886824
0.6102977838795282
0.3278189222682345
0.2646423824873466
0.7680931913706339
0.46297017011360153
-0.07886234334865047
0.5493768477291714
0.04805463911661455
0.07608603493252514
0.6140766360697039
0.1956018089055312
0.10880983986464805
0.5276952825850528
0.033696629791953606
-0.10612488077998272
0.4986660837438798
0.06992502305559029
-0.03125449076461285
0.8617416952573136
0.1515901156900449
0.1866205865286426
0.8432979002960581
0.5238697161697405
0.5226052761461434
0.9709485110203906
0.509773348084118
0.34522992864968427
0.8745316017926095
0.518112686839008
0.3517662208357129
0.8546852220229006
0.6647535854762262
0.4362468691353991
0.8698120500538002
0.4151563870594799
0.44663692380956893
0.679432981859655
0.5249365986920859
0.4613648697448574
0.759384476544986
0.6241945883491464
0.11234284882213916
0.49853040515174496
-0.018659161332416234
0.21391916726485255
0.816163381309425
0.4755185432101393
0.19195807291805583
0.8848172886617528
0.4082565490021786
-0.009224775469002185
0.5212209908194384
0.3820012227398072
0.2746207950034157
0.7484225621989349
0.5709467892193077
0.25050982380059206
0.5547225477603983
0.2565393495304885
0.2848264890989136
0.6807206372112266
0.29524253216119145
0.265655815782986
0.9144301965303249
0.3361183109656196
0.4059903319854466
0.6787547427832348
0.5811675477990028
0.11042429890454389
0.7561335349585641
0.49545910909512064
0.24347780820427403
0.8973382085635193
0.4324172556161783
0.4465556994381875
0.8105660443250022
0.5748834010147637
0.3883027975302972
0.8633323521095836
0.5448392307155521
0.39562538003805015
0.6367357917262257
0.39229625615612607
0.2645301711027839
0.6650464267336833
0.17937570505177503
0.11527549212441104
0.5437966821440935
0.2242432630008497
0.019142247542418354
0.525959025103832
0.24319856407362372
0.4719879566051819
0.31537224276109044
0.08573255560276265
0.7070968626876522
0.20091423387401036
0.04785793176797544
0.10258792903223649
-0.010170161540015321
0.03844508501457322
0.29194255614093484
0.6254204094184607
0.4328133963676853
0.20291183586482392
0.6012687096438292
-0.009450904263515523
-0.17468907176256693
0.21052253864848308
-0.03134594099043045
0.06323028879290782
0.09505157613314766
-0.03835890959115472
0.39179565606775757
0.34290437987696254
0.29698661172519714
0.4462557967574683
0.6260676133869374
0.579104198427258
0.2563703328520975
0.189405456383771
0.6418314023997832
0.28046221895226503
0.45118161642281757
0.2892400515305504
0.32898374860847623
0.5014605809860515
0.3786513255200602
0.4105431288663657
0.2969546709802257
0.37964883244117087
0.36977596267643925
0.4417271296812437
0.4061496203877928
0.7409607488315932
0.7150630652066234
0.7094076834119534
0.694306546320506
0.895041006364726
0.5829475437551317
0.4668409116974369
0.8060121660232403
0.6330998816891117
0.4696122584489751
0.6118400245520015
0.7153509818644462
0.3763771361916314
0.45581786048920914
0.4606242018598322
0.5810805933227754
0.6734289288561017
0.47507401076654954
0.39586126755726014
0.570797086153096
0.39681115544638934
0.7522332599913434
0.9448693890197006
0.653381577088748
0.5941259030883803
0.7717379025654632
0.708174896296135
0.6079033273979685
0.7913900245689989
0.7696227569477002
0.486297106437633
0.5121069652282586
0.20565969217276164
0.2618173770364236
0.20018104507293877
0.026602237514349137
0.22654370049263733
0.488211138533256
0.20013064516320228
0.2690583658360291
0.400824053675056
0.20706038650997333
0.06431677965175253
0.31064424293783977
0.07076972911685625
0.043955733390703536
0.24586090561085777
0.05417432169315385
0.07591340224784489
0.27455741698219616
0.10538147225803218
0.17929987168772235
0.31332511622720777
0.08046522491224448
0.0821477045240731
0.1918349564927036
-0.03285112834406827
0.10169865404536836
0.2560372591338072
0.1467441702208529
0.1723431046570719
0.39330552836693633
0.24616243020169148
0.14645027974675623
0.31049295755519946
0.16918114384902155
0.13515760982643094
0.41975063271147617
0.2993825600179033
0.18047347201065322
0.4004091539041512
0.2979597005574028
0.23339274935541685
0.5067357632453305
0.30618764424132006
0.15644794442200854
0.5046214761109319
0.24175365781139385
0.19077345080720992
0.35357482518241745
0.05438848587847213
-0.036595427449267595
0.3365996090335573
0.059236637240725046
0.0703735464262428
0.2908058594214118
0.03856479262413598
0.07581742810501746
0.39159440582187627
0.08609436837100004
0.19594789712662225
0.30374772959081
0.13246336883611984
0.2286041663573595
0.33641798884812657
0.2702365441208462
0.07624767790789554
0.42075859592331744
0.21920013046533865
0.08394061526459295
0.254075098165018
0.06601137386398732
0.1716716279398956
0.4700327254167514
0.2635374344250966
0.1406461133256945
0.282167568323545
0.0686803332311269
0.28554948415284315
0.6418952903825432
0.33183893653213137
0.13768427627297947
0.6480987063722556
0.33655047057113113
0.22669193017546757
0.741305002850428
0.24621578601323763
0.16937437474249745
0.7917637765075636
0.04809468494855399
0.4680530832386667
0.9113050949520622
0.3075893263476206
0.3353494179545661
0.6712319346776596
0.30012658896750755
0.4376906263865608
0.8366284424676558
0.4639263760066591
0.1714533634775261
0.7772471665984435
0.23228090370433435
0.20630649932807113
0.8738681041136189
0.2630544427010741
0.2352228022897453
0.8837244777469262
0.3442935465972882
0.07254793423486071
0.5213492156500755
0.1941154421105069
0.16242340387236864
0.6874702144406948
0.2654998522686527
0.09779636652163136
0.6141592606970496
0.201994742148
0.17982711070566343
0.6229359387859084
0.27013935639839093
0.061019667794941904
0.580032946473499
0.1602111794581525
0.13626700586916785
0.6624785842377717
0.3020113028700441
0.4444744246819811
0.7750344978285659
0.4455528313506697
0.24406823539586722
0.6915815773610698
0.31468374930773957
0.2863030540864133
0.6319701568057221
0.3079340866963943
0.3234737700428316
0.7189401931735848
0.4288561836106401
0.3788118963490432
0.6866651252227487
0.36660838603677437
0.23579479709572676
0.6464100211108461
0.28666308573405297
0.4450495532683778
0.8973612431103688
0.32125240044307424
0.40906594291660775
0.749331487282601
0.3673874783474014
0.2821217456183626
0.8884485916765403
0.28840083762265317
0.39428801197207936
0.8182321311345323
0.42617884408749157
0.2997412204420501
0.817485122887802
0.46095003409281954
0.3160605712327926
0.8139360768938295
0.40640293981067865
0.05578610974756575
0.7306013793155823
0.2941909911693541
0.019734900864157152
0.5950589680277654
0.2241626203625393
0.16264319872646532
0.6678301797684529
0.22184627618798497
0.13643035998740657
0.701861163935523
0.3470763741656454
0.11358991651109351
0.7243743594113174
0.44086057552941216
0.2365459877711465
0.5766432321787505
0.4911816210112133
0.25833628236880857
0.8533597433466509
0.5690453240094107
0.31300965038263673
0.8426497679750988
0.5519154537008861
0.36623387903791027
0.8347411366327876
0.5667884330973874
0.3759450066663588
0.8659550320778415
0.4955417867902916
0.2894876332538652
0.7209624056558586
0.49227613159271855
0.2196084235171273
0.7490911911161938
0.45788784312156405
0.1589991344698943
0.6387614848366032
0.2713761301409524
0.25173173456357995
0.7942896080966513
0.3881277735756512
0.07876152777148386
0.4859804995467044
0.28086736612127394
0.34155306384058537
0.7007987608569183
0.4004544096639008
0.4136942170296015
0.6120015921618609
0.49716569409211486
0.32329255035537846
0.598785722558407
0.3699503104199233
0.30312245274120697
0.6269120795188903
0.539807487513626
0.33620722809581116
0.6537924681278796
0.4727232737142143
0.35405299181163097
0.7476127445326117
0.5784361658063466
0.3345222557454336
0.7686904469592553
0.5655410827837632
0.5712691302430355
0.8961289528570902
0.5571269876706344
0.3767900344223487
0.7162845240021092
0.4047189074715297
0.25962490433665086
0.5194561719427697
0.19709781995118747
0.23860631592489145
0.5453997711210732
0.10822782997949375
0.0822716108031881
0.6227279890183257
0.19780218437480546
0.119959959147876
0.49308736588376295
0.015138710493058
0.297475124762837
0.5326559871478538
0.33232981134118034
0.40354384629089823
0.5314922059138791
0.3526216882334293
0.1573958002069999
0.4516653386901226
0.06750706785651116
0.27810706547633157
0.5514909467512696
0.28936877363261226
0.31676195742661506
0.5684607823584847
0.2797745870421018
0.2062487216739336
0.47143696515537625
0.24296352428369858
0.16664442667398974
0.36059368014458737
0.170082028198133
0.2792740442593785
0.4764218554229507
0.4165011483396913
0.3964079412030471
0.5103158608770273
0.34703939732674144
0.18009189100136075
0.4835071426328196
0.2682894076558873
0.23170967042917348
0.4037805867300879
0.18398747833444254
0.12034870851280736
0.2963090092594003
0.19256759584315122
0.059021592336044884
0.03942158373987385
0.42037442757846977
0.2052291788894387
0.505072264425245
0.3951682948290834
0.247049305266414
0.4132336549512403
0.34490629997690514
0.11471201786581871
0.3538656878083555
0.34183673705548145
0.07805266472114408
0.30877534088648184
0.19906203179537468
0.04987216745413424
0.2815557443756015
0.2492538630901463
0.11083259529876222
0.2650810724090394
0.1562358844344374
0.07971063369241349
0.20719350512107468
0.07847811673063954
0.09658827986138768
0.30666401054190245
0.19366608747524275
0.13703827774459496
0.43518904165582695
0.3569122462530323
0.014408673810742532
0.6607712098231282
0.3794866218760763
0.14388719820935428
0.751322713974393
0.4902028094917844
0.1469697577411697
0.6973883467608355
0.5038821931243185
0.23476814826091513
0.7962999450042068
0.587280841012904
0.14801810302528817
0.6361614675499976
0.47384526390044196
0.018151718522994555
0.5007751356592005
0.2689522757966661
0.09815797455775632
0.5719792688119923
0.443645494167989
0.10242699619772119
0.6208353962429951
0.3335469897088775
0.10468774686629101
0.49165345819318146
0.3680831807706523
0.10013029053322028
0.5403341457051527
0.3482988364275291
0.1182051752808645
0.4736773793802962
0.33097206421203296
0.28368243892621253
0.5687994419548983
0.3456571285553769
0.1841201376436877
0.5469107347320546
0.3202984670493399
0.14189084741045505
0.47589603935788505
0.36464259357629003
0.14567079271182592
0.5196320772713692
0.3373506488030741
0.021041634245221656
0.3681283642631318
0.20069664244850005
0.11467222411747233
0.3803558641743664
0.2987916255119968
0.23742170568040005
0.4088293056610517
0.25954829038944166
0.329280524546904
0.6093131354594248
0.34193735017713534
0.3095193487385901
0.6622888265459709
0.4224658909638518
0.2780338360401922
0.6163977613751401
0.35756170435721224
0.20167442364427823
0.6301502465695126
0.33841493135255046
0.2835905077949317
0.5799913645250945
0.37827807267570035
0.1842456929684807
0.6754562906884238
0.33471677679597883
0.1878207580363538
0.5152572328713947
0.4408327678182984
0.17869117421189434
0.49628258428290045
0.4488888833226128
-0.015194469434641377
0.31466891620701065
0.2023892733727031
0.08568282906952293
0.22839785153177822
0.14276746750488037
0.03117738033521034
0.1959297728149003
0.10054319597162223
0.1996808640113455
0.5930433760180298
0.3730907948809642
0.17285973795492754
0.5575441560955645
0.30336054815581404
-0.09045404008875084
0.44815896019035084
0.2836016187751821
-0.029261241053876254
0.5105816472426445
0.21690566569900366
0.12189368000029403
0.7928169303882455
0.39960659261254694
0.15039879000390916
0.7732139385151311
0.3810542859775635
0.13237724436826165
0.7573103122086162
0.4217503722854331
0.20039605686698908
0.5960624098191757
0.36359140538555657
0.05215850259043224
0.3932900394595271
0.06572273590536737
0.04353852601379385
0.47344102228531565
0.18011876931733323
0.07392985398164287
0.43252446899441366
0.1523070835838786
0.2837163681276331
0.7149239404113479
0.28518313059902456
0.2282473283048598
0.5801567302917401
0.3568272054761317
0.10510960689836402
0.11607876278496979
0.10472717656362368
-0.0379668643711179
0.14862161655894895
0.05748848871901649
0.1230590535944325
0.3428484100818351
0.1611612679645778
-0.07823715214652399
0.19593581189712872
-0.031014245543362306
0.10891203432272625
0.2397880030177594
0.01840305647560495
0.1763973498446743
0.3375720839394101
-0.013587449686150948
0.039300292997508646
0.37032131439185245
0.08761597370675189
-0.008916250074507848
0.3704582917679068
0.07302346637584814
0.04287623823855434
0.5020492314450979
0.06827123124503276
0.10715077340280157
0.5119259431380742
0.10733035428811627
0.03788254660490121
0.1842798769463398
0.13417502089353292
0.09174143143765136
0.2701745307823903
0.1655045512167927
0.015776955994990877
0.2708997834992196
0.019591665364203804
-0.004152447107609893
0.34665412402517715
0.022888166123059897
0.18276350092142743
0.31377504932917955
-0.04108522777406971
-0.009681444058169002
0.1660586814964356
-0.10788854393639856
0.06396629822493698
0.2023337073696267
-0.14617278447564452
0.030789692367329903
0.1797924655071384
-0.11430991639533149
0.03797419237693636
0.17567679839034397
-0.11494176184808436
0.08972646130021575
0.13875976962007047
-0.07846067626995865
0.10565491380731142
0.2855729421735604
-0.016384403472583686
0.0019814041545881816
0.23320436236163317
-0.027252285285961127
0.08610444854173607
0.23758579286731601
-0.10023134409678755
0.3300996177489638
0.24999821346549767
0.18195762036612825
0.19627708415512285
0.20229788042051006
0.022148382294081684
0.03737284742478662
0.0461337247940554
0.0738027754280696
-0.2152424889886756
0.3046449179383609
-0.07165301453783002
0.05658749769387895
0.1515068295447396
0.007845293462161722
-0.10084890037708094
0.11614080643704135
-0.09127692211858847
0.030290490895437262
0.023329667370964466
-0.30074022754623403
-0.020233352187362875
-0.08263964598307189
-0.15082962658988122
0.014323264630166907
-0.07182288737164581
-0.09763747849242421
0.091680319374316
0.03476205652496175
-0.09190952133647359
-0.024678686779674504
0.03456221613590044
-0.1428142349742877
0.13172719247046058
0.2029510669177535
0.08124746036725305
0.18061262208141565
0.19320497780180296
0.10716504071944903
0.04066305492091339
0.14576557126029768
-0.04752096663959199
0.037421473094808484
0.02395130066856166
-0.049827581144263784
0.06484787845938217
0.11150002479606638
0.025438394915422484
0.04828494138943373
0.36728073296810104
0.34465542096564183
0.15190322677287305
0.3837386846558891
0.3743140805732993
0.030854239233861346
0.5644332300362038
0.21195886054379695
0.008672965600545443
0.41736797592220476
0.17154129976336968
0.0425222306342536
0.5478003665439685
0.21494226783342008
-0.005898452814588676
0.45854919684134343
0.17390249242872552
0.013691229086127093
0.3230162713491921
0.17521599374123453
0.033279605519836455
0.4527865294909782
0.24945627530857334
0.020189371166551187
0.7146730910798389
0.2781899685851287
0.040793063846216636
0.6877686825261251
0.3170001682544008
0.10006134489608046
0.6661078009010951
0.30585593363733754
-0.06257479912088812
0.5478645145673694
0.285848045236929
0.03532715367359947
0.3498377208997806
0.2580135490745642
0.06976200270367791
0.4952931027133539
0.32038935843678945
0.11571254346730171
0.6315445506076605
0.3933347529470501
0.2141224477601541
0.6495547860861124
0.4376269549735616
0.17260797339056266
0.5987281330748173
0.42489171398765607
0.03815998584365058
0.25825550142835463
0.12871775074498137
-0.008979554282883585
0.2492127842724013
0.11776613984129707
0.000766156224981919
0.2279134148999893
0.04972857345152235
-0.037593322338289714
0.3364522167513284
0.16588604800155143
0.06490812620541082
0.34342495467411405
0.23731138371485502
0.07160677509183745
0.48859401077368003
0.2351672872698693
0.11562806472666146
0.5178341080776898
0.3205615663789611
-0.17470356892445432
0.2826469986118556
0.11490008066195732
-0.18991685619331117
0.2500582590005632
0.12816104368890816
0.024135950870472385
0.5257987392194212
0.31877873057984263
0.012517506061047796
0.5393965459687026
0.37131153397609207
0.10260397029789647
0.4644272284957419
0.3402224363637554
0.03850025467042209
0.4010554414711919
0.29095689033799277
0.0019146788748039753
0.09302716976283032
0.07290007826708336
0.03203615538228896
0.3346211813274399
0.17552724163661187
0.04028650392609015
0.22081615796540643
0.03561419955955737
-0.06292901905412841
0.018387929557689905
0.03855268207549724
0.07419426993034499
0.3295809125547099
0.21096190172218626
-0.03141173856117438
0.13380267963230658
0.09037848032402084
0.06023490466169021
0.11591153333911902
0.1538344577420075
0.11034061473479873
0.11140388580413695
0.10680612133511347
0.040120111826147054
0.3116134526528308
0.2421397340371163
0.10026279579075872
0.2741685802139697
0.1714279620716285
0.11014221638738915
0.1992959455161148
0.07966844476158208
0.10707109435693313
0.22813684384090147
0.19857953134614242
0.023226407304999485
0.178869110322431
0.14635015475965113
0.07179699262729661
0.2872260090891345
0.17980958491774895
0.09143645155446109
0.2651589579993118
0.21442984614141183
0.19171437447866752
0.35654145965690087
0.3831864455871331
0.020002530438738723
0.2254651604602736
0.27569125917253245
0.054100779478791966
0.36261183813439135
0.2220017547852881
0.056235284722506836
0.0004730665021988132
-0.002116424448412299
0.0586850667992616
-0.03778867460330018
-0.005098298057755739
0.08434969097902764
0.10310628806150393
0.1676506834981656
0.1260345181029589
0.14249696862278205
0.25714551448468925
-0.05210257950845633
0.03975893815312428
0.13919848560126974
0.10540931590519995
0.07984194038602294
0.1341796896068752
-0.0023191956177702217
0.17568895332245277
-0.045544741981350695
-0.1489196113458839
0.17235213385609457
-0.1309471454286987
0.0929400223627393
0.28547572912152686
0.1887257450975373
-0.04746179046712433
0.23062440833894177
0.06630517186351478
0.07277970278554201
0.36677687065640235
0.11732236850495407
0.0765010224830176
0.350563609246601
0.44814105370173873
0.3540835184099208
0.42438968380232156
0.6016216268351924
0.2518395728608227
0.3056180402509915
0.605524088452353
0.39813596969070675
0.6991252653910003
0.6284656540364988
0.27882521325475756
0.6193731238920029
0.5099516679545127
0.5418958754768928
0.8057128886109097
0.6725162096330024
0.4815558255040555
0.8679381579998755
0.6430645090823244
0.4349237540008446
0.8266735322054837
0.5358964216255689
0.27071914058861263
0.7130324796782002
0.6078027171153833
0.15836650247199832
0.6228356519677012
0.6010607700531403
0.2625141687012642
0.7675976448604032
0.6833569519123328
0.2657194976160054
0.5666287180202063
0.5289930829719295
0.438360824118908
0.9003491748464889
0.7548381796054111
0.3170783672910883
0.7464351429684317
0.6197832721616203
0.3521297926909108
0.9042906203591092
0.6257277187526495
0.275223853487926
0.6756857336762625
0.5833712267776114
0.1965271656877295
0.7411076279628184
0.6192236788729187
0.1556100943891465
0.6750387136363045
0.6478942658248776
0.15648054245456872
0.6442215776984558
0.6379502738033103
0.21588714144109733
0.7109602328191305
0.6187427422510634
0.24838521894112356
0.6915626214466433
0.6621183954546856
0.2775851790102348
0.6141408530152612
0.71268589780958
0.1599773479942638
0.6366573980912691
0.6176427772604318
0.3465959934158132
0.7737165071923902
0.7309224058425905
0.2918315643193099
0.7067120421744278
0.7529607963746765
0.3329369281190573
0.603835435747186
0.5742857087697137
0.25754020664509714
0.6486374017504156
0.6626071646115692
0.13652673404361373
0.5584007968065166
0.5394463142342416
0.22761902812420343
0.6626645647674547
0.6452651226151102
0.32935829586764903
0.6543156853682012
0.6027059070320834
0.12828838186387234
0.5178995571286739
0.4158266350460442
0.13644656023667343
0.5076986276313762
0.5777389738555787
0.08850003636110576
0.6455027779586715
0.3052183547742765
0.2291151466283213
0.563068620733922
0.473206314004391
0.20797693373716963
0.582466370980327
0.4308286637848546
0.2868714331173563
0.6833330764074643
0.48232700411609075
0.2701563349204924
0.6724831423266608
0.5528344862321066
0.14854356935914245
0.48283391760438976
0.2969738861403185
0.33281707366046764
0.6445385678053469
0.4570312697288887
0.32356462477776726
0.7844104789065998
0.49916821772124315
0.09485105088849266
0.6417782321302222
0.442160464724076
0.10534600400788832
0.47436934854882506
0.48393456814932445
0.12844923647976714
0.5822950865768111
0.44961956696796546
0.19480466344994252
0.5913067509843621
0.4846752064894482
0.2186970610040156
0.6410216974978304
0.4895066525192176
0.1473598789672139
0.4460423478081377
0.44832408687896885
0.17460822163519546
0.4072475488533346
0.42899926746972916
0.2185352857775874
0.6064481707780195
0.5430432854878444
0.20054773490603645
0.481610331734658
0.46389721315827237
0.15027149619146474
0.3485829970265836
0.35968161839725526
0.19903818186755112
0.6600532470012956
0.5316662937514973
0.25626525675343015
0.6328996548581307
0.5696276925424286
0.26928267756426216
0.6987050829994328
0.5884431385970131
0.25194368933118805
0.6691465385361948
0.609493410603113
0.17587365304356872
0.7178464020580319
0.538488969650756
0.07157603950143929
0.5800415798726275
0.5319194511020726
0.1592362004868758
0.5108173140918549
0.5422488814404496
0.05641056507708837
0.5407749575242005
0.6312330544616338
-0.004035020739459754
0.47491456037698787
0.4225866298637424
0.016930425422036616
0.5166391985441905
0.4925372819230208
0.17301169261370836
0.5188354205721831
0.35048502313396035
0.17537390451480073
0.5262901181775095
0.5343831572996028
0.18525334993656137
0.6452031575142956
0.27724114882364087
0.22204712766604345
0.5554698713742767
0.4560488340355556
-0.03270244506678857
0.4145592806409928
0.3659270505362612
0.046904324762507464
0.6827911073878165
0.4509624410218688
0.2663051270486723
0.6903999307561164
0.4008755752973554
0.3010595768635985
0.7448300854835007
0.3775531244161685
0.2486159208747612
0.6157216696157762
0.4117177161431736
0.248636393719683
0.6012073244067844
0.3813017831020534
0.3253914617111731
0.6221723849989489
0.37431195273050333
0.39497836467141023
0.5833445444711997
0.3698323882762159
0.43243726987253184
0.8507436803885297
0.5901247595280101
0.3514485191477846
0.5837658913928242
0.3957351152559119
0.23402628876431886
0.6615904192180351
0.4330513674196441
0.2327616429967465
0.41566256516472555
0.5048287257050926
0.3060029879367337
0.7908269775682681
0.8790248955001403
0.2384363251594054
0.7881473632851332
0.8318065584099154
0.29202549691100904
0.7471179388882017
0.7086421912940839
0.3987760269294881
0.7553945738685425
0.7304581674501502
0.04060990367101491
0.5667693786189772
0.6527644555347683
0.07182425446918984
0.38221719907530183
0.38397012591586643
0.4505126979844654
0.7748345704039585
0.735714499116817
0.13060123494259673
0.764446393456937
0.4751435619958702
0.1951335974581998
0.5230558658887374
0.6483571351922135
0.4117638583987209
0.7377791820014576
0.7063966504636604
0.35232283682543597
0.7291586915262883
0.7613524084223366
-0.04768210857171878
0.3244231870757446
0.36894101727036505
0.08261706110438148
0.5840565317622564
0.6128951680969954
0.045561015421140036
0.11134262391519481
0.5096734765746187
0.0601768958949656
0.3491574508245007
0.3576586319557151
0.12855231742586223
0.37445560502553676
0.4200327217272003
0.27492805442595636
0.2687389711873701
0.27336451011797575
0.23508821590864062
0.23771950904298203
0.4369752468321647
-0.006542600348250414
0.20797388191982294
0.3987585527161154
0.11541643744244368
0.3203606260238284
0.3681530574746412
0.17444086039863868
0.5421705497867868
0.5525114990253351
0.18524387929269487
0.25685761645116634
0.3624320795181559
0.29242700033793795
0.2992468971854768
0.3787845572887514
0.04702267699168666
0.48402708595029836
0.16327164138287364
0.3216082532470184
0.21890297177300033
0.3322387981088354
0.20194394885593608
0.43513620116822316
0.1997422005302668
0.043534928166404585
0.6667707277484618
0.30906749298642355
0.34776734973092127
0.620770329096397
0.37511428443432715
0.21714890614773405
0.7466889332514701
0.38925512432612464
0.014630465648697409
0.35284084787828035
0.2561570248415763
0.48597734781629076
0.248846223739491
0.5607783745103188
0.4347217123068092
0.4788528723406339
0.45010752197875736
0.1630556789989172
0.26997877946413357
0.461571721053556
0.1605608079034254
0.5960329057217659
0.5688821677613359
0.5413638646395098
0.5889311155400494
0.4859786875855714
0.6006266218425971
0.7228785455032376
0.6127460705985783
0.49458794757870417
0.5798801625196024
0.5663359674210122
0.326820821773534
0.43150541518322805
0.611006482883266
0.3847192427477305
0.6772569303711327
0.6691875886356183
-0.009301748801799733
0.2643500626851735
0.14856602397674382
0.2328795498894678
0.334873737986731
0.2680656897191531
0.09243587662633426
0.4928406267589709
0.20990286895012708
0.3046209102664631
0.5600970656904513
0.3709382484999839
0.408548570377368
0.614627163638048
0.409865942303796
0.41024926485679203
0.4091409884005799
0.20339681514470942
0.4467261066735582
0.6980169365285169
0.3212304100157814
0.14888142146087197
0.3028516039265122
0.30858572507702214
0.18917063258587535
0.2973796384793711
0.32632251506879006
0.31871656567302176
0.5484186349042421
0.5535998998105207
0.3233937317674055
0.2960588383175982
0.32390570721851025
0.4110235455226129
0.29944653632418533
0.15523556167371455
0.2515498903068362
0.22446946189173733
0.17551193676290464
0.3352915030092823
0.4552830655122658
0.31657667109796195
0.47379579801059013
0.5359335841977849
0.3839530937165972
0.5110669338415631
0.5745431760647401
0.47416221013286186
0.4660740029835629
0.8002531901199352
0.4746646011494716
0.45829068230380354
0.6625021028471862
0.4559520182189834
0.35198638445408936
0.6171912444536248
0.4332512397147328
