0.06762268007796571
0.29685614312631453
0.28101247097077353
0.02695059000951858
0.08011582518067631
0.19072747268726437
-0.09029070811110726
0.391388338955138
0.19784588367738568
0.10708761812429611
0.4970925970245637
0.3974065810637236
0.30044097852704454
0.7114067524703966
0.3733192160236825
0.2554556481490435
0.6561206842332339
0.3080917759430102
0.07142983522673695
0.17712810861476128
0.6248682430224366
0.00010106522570675836
0.17639672521791244
0.46805046342814405
0.3582029955734652
0.46858592822103695
0.5379522698162787
0.18771720512672802
0.32063537786499036
0.29937289654052485
-0.04836027890707592
0.42121416848698745
0.5486637079322232
0.2801562672407192
0.5566619470253955
0.6921445475970536
0.2724179214312103
0.6535519822698408
0.7789649729282278
-0.022158971404747454
0.19030698426988368
0.3304852561938133
0.03588863757933977
0.26737735579733607
0.4322417991581208
0.08070580603712782
0.2495059733265413
0.35441249770280986
0.1032878513752222
0.25098369516793145
0.3418233117375825
0.21181541080005928
0.3813691388455752
0.5065163314451419
0.30757527043737215
0.60606213365055
0.7658758158872832
0.21344825617961694
0.43686148587369933
0.3849354138810568
0.43056783016371064
0.4423589067484399
0.6463001179382942
0.3434022405340707
0.6077121414996924
0.6070779760082858
0.35964317080121144
0.612120992857849
0.6478286264147994
0.1826152235485463
0.41464116302560083
0.6511847657900218
0.10745321974071659
0.3896608112798686
0.6438361353070696
0.2833447963301228
0.5409870986429638
0.8415531055548888
0.21556174538343437
0.27940954218437264
0.6602802490781462
0.23869427214301475
0.43734640592388807
0.6245261380909262
0.12454435109741269
0.49856058530088665
0.584714178073927
0.1259825732050669
0.5328872315874474
0.6646791390435682
0.11380797530737333
0.5030454059308951
0.6302583162276625
0.23159110159137897
0.5767443276679407
0.5846458929205555
0.17676648002398498
0.5237460358738872
0.6787355777758453
0.1718854012344925
0.46697890262864816
0.6498347472256509
0.22127654360601753
0.5901829404278274
0.5933217519681875
0.18354173645486832
0.5722737410476773
0.608878379227193
0.3835546341632865
0.6162294697268194
0.7885238029588336
0.42113988913334416
0.5977106785186705
0.71134865780927
0.46559701763949696
0.6637872250509382
0.7455089605044695
0.2786172679831937
0.5455600768674764
0.617710452346708
0.2834642505792313
0.5545365485365409
0.6345005035657267
0.30347374076278477
0.5827198647456522
0.6062372258551783
0.21181625589924696
0.37446106908004945
0.6543536421989106
0.16908177908895228
0.37716703431201604
0.6808513083333944
0.10778675694188312
0.2618586235389828
0.5580382603549826
0.2802593777719886
0.46499605914029063
0.6249691457931387
0.33184557847491425
0.5820102573506805
0.7397949499415477
0.11589202055895736
0.4270796933067236
0.5599154430994007
0.23312821107545167
0.5635615811537594
0.6873133980177977
0.21047363900767202
0.6553176570480654
0.6635551932144585
0.21097886938137111
0.6196088724815072
0.7454581817744188
0.17374082300815286
0.47359922225666023
0.6539044287547144
0.17477656679458614
0.47311679758912695
0.6124492999470401
0.2160665105074379
0.4985293774634341
0.6105030177996462
0.288325296081301
0.5801203452741914
0.6944769845146941
0.06048444255316558
0.5434893674220508
0.5845791039063816
0.146481579192561
0.5411942260517348
0.49221054884215404
0.19606460912481327
0.46957153114371886
0.33954632737019397
0.46758203536312737
0.515042961362081
0.5296875919107918
0.06983465088881655
0.08770880251747182
0.49598365543712686
-0.08719852843752655
0.42566475058514475
0.2745522884423881
0.039569639155373725
0.47604003241283477
0.40220551169031016
0.22485040306710427
0.4939868623743938
0.6522058272318543
0.24454484484191455
0.5954941716711537
0.6782798743702296
0.27780978542352963
0.6039516875164319
0.6951674809708159
0.18255114380407125
0.4868783587565527
0.4320211891625484
-0.0346859688781338
0.7542143691083101
0.3706131494154171
0.12154454894129452
0.5563814032926924
0.763468407604968
0.21248528322863508
0.6793777433021422
0.8294860628293771
0.1721131499728327
0.6242169438231457
0.6151908371659736
0.1595505115667227
0.9037961697875083
0.8392245307750973
0.09936101585412567
0.5710367106945254
0.37216222854046743
0.09320055831344516
0.632588553313997
0.42896931254194437
0.15975544516350368
0.5770446877623464
0.4361960992988114
0.1322223978485365
0.6362959610625774
0.7178234140681738
0.08811158708835522
0.539067383199296
0.7714707257618285
0.055291840576415355
0.5812978542229427
0.5767288613028227
0.031543050436659247
0.6079414336959951
0.7127465933092916
0.06890513003824587
0.501346891696751
0.6565964249466703
0.08800857389448916
0.5045121214849344
0.7120299609144997
0.1402961108322088
0.6609698401908719
0.7885560384743318
0.13896654494725313
0.5185685946463738
0.6228993169419417
0.22552141154053404
0.6895152655751742
0.8301610710200051
0.17655714047645937
0.5020531266691753
0.4980570992642369
0.31020251293625944
0.7983481585597947
0.8521186996041702
0.2584560452227853
0.7006073649936624
0.6866886373443658
0.2021353835457759
0.6473852002291977
0.5788630572505045
0.2636969468060647
0.7309943761350945
0.722042216163859
0.2573668289906379
0.7240325189246248
0.8369579507971083
0.17477744004595508
0.6747186649141576
0.796320723059759
0.09132945518029456
0.4869495747603785
0.5340607678143847
0.35099775249356296
0.7461158952497258
0.7005469113815773
0.30958181675641583
0.7713458778844653
0.7620979406792243
0.4409021707256938
0.748490233757915
0.7008554321064382
0.28327270341817234
0.6870531648751119
0.7742016206994629
0.2548117396910061
0.791323266895783
0.7887735861681201
0.2676565658934102
0.8512540188324327
0.7399937598349671
0.2508929557921168
0.8010689406911466
0.6733482647124153
0.368777800842895
0.8799960842918337
0.8204522008519112
-0.20907701969246062
0.3419739100035728
0.3689832646675585
-0.2814093731411189
0.3057889123168579
0.2238028560356819
-0.28227615618257224
0.21568938699217147
0.26801448330212385
0.1224100860290796
0.2156954582058922
0.5361300004213436
0.11848773516179177
0.19933679479410615
0.5288612990836283
-0.0213642405662775
0.32841946560095936
0.4577069319596222
0.12131349742708077
0.369183553028008
0.659104002737196
0.2052963006745859
0.4351674708194996
0.5903533114292254
0.15008455295087147
0.6930211010272269
0.6748118898584603
0.07228720673737185
0.7038963715675184
0.5806716311051288
0.19696158627448684
0.47252154125222545
0.5402679709315569
0.08792319310910357
0.31522965101730216
0.4228898521402651
0.019059115276558507
0.3672658775503882
0.5552167368586793
0.0790692858334473
0.35225462670191254
0.4693255930013917
0.027752586065870197
0.3509490101134972
0.5115579429278735
0.07154041136684625
0.49463477833239905
0.6607316087479167
0.1030614580670091
0.507646344490274
0.614250821891059
0.02855492591396125
0.6821167839680893
0.5600601452919504
0.028834274408899286
0.5160726505779328
0.4864499782853356
0.04474114338182443
0.5286729423873675
0.6459734016640505
0.09463520717619782
0.5999182638337917
0.5682250045347044
0.05029202385288972
0.617653763185777
0.5073440487838465
0.09786251120068604
0.29222487975530226
0.42178758518317183
0.12472315572920657
0.4826472634853105
0.3755685733287387
0.18354593899452373
0.657858042278358
0.4803584465710212
0.31033376891501874
0.6452262462605403
0.5764658792442534
0.3602938988960517
0.549526862038545
0.6544167321913563
0.16608963519151865
0.28341294263143296
0.5567096166911343
-0.025952430801698664
0.2922503320221497
0.5087137293591284
0.08631158795901879
0.31264181073996045
0.5086752428398238
-0.01781680926437596
0.3919744076406997
0.7146411834889973
0.001992264558003177
0.6142861104072173
0.5615594205065015
-0.029596477183076092
0.41922269234180753
0.519364424504115
0.009213332981870307
0.66966522605132
0.7489265501139672
0.018215590441576744
0.5839597056237515
0.5573053350776882
0.09369552301278353
0.6008508630898031
0.6084736873154536
0.07484331952982684
0.47602896478335877
0.5313285920630708
0.040993523260130484
0.43362388753414993
0.5863834394623065
0.1415424737114935
0.5787680100608475
0.61762670713623
0.13863724215052056
0.5389338766373672
0.549618406673742
-0.04408428923260504
0.5685363120783982
0.4133024709014713
0.010972712467587232
0.5135705347537208
0.44467705657415996
0.04731039551210563
0.7565096817227428
0.5221032686356446
0.1619672777826906
0.752809911636466
0.577394144842158
0.1252692271675716
0.7455871771516775
0.6753967897452526
0.062474435334622394
0.6259760656511905
0.5690824761100981
0.04003719890944511
0.629534801259513
0.4682988562521174
0.2010467788214998
0.8281956037993855
0.6518621366158552
0.25661404906840657
0.6660961920753872
0.6112157096085149
0.08495056759868676
0.32616210307540827
0.2916391014184801
0.11493451850091023
0.3548101196453386
0.3090142909008599
0.24344842933512276
0.5034457804065661
0.35571313607003485
0.2203210484937347
0.6689619311232977
0.4721426190504431
0.14116768371966437
0.5004449006888694
0.3824850559638246
0.04973152186915266
0.41783696707846973
0.30550030437778397
0.046854239284335276
0.484155533352857
0.3269764942224447
0.2980895515198222
0.5892202580916284
0.5820697569717717
0.11685714699681979
0.5197710485883626
0.4049075200081338
0.14332244636504346
0.5651798334543988
0.5498795071683287
0.012238427985255807
0.5292448590140739
0.4048889436376286
0.09757244982948254
0.4722626317043058
0.4762680202101941
0.13174191626541365
0.652476710412746
0.40875391671222844
0.10980831605595162
0.32173066111257376
0.4197482957896722
0.2509512634960617
0.39245830301064033
0.42270600587216034
0.18072386637448376
0.34148184319443964
0.3523563465392797
0.32286093342694244
0.5578508384769081
0.5662950123386329
0.25871837223343097
0.5035086050150601
0.5119786210528782
0.35314387899397826
0.728128151541034
0.5721381657878803
0.13903979844131753
0.45922395948547257
0.5194811980910017
0.21498282689314513
0.5203950534503825
0.5914202223796552
0.14469753525711535
0.4185754629401219
0.41378383602802693
0.18657515795748358
0.5458070067531908
0.5657036813067948
0.2027271022309139
0.5847397898291025
0.520308610724504
0.09437890579616266
0.42983421910123215
0.41731682309160223
0.12088062136509985
0.27895998880898043
0.4116488381233727
-0.09373822261853645
0.1358262552323085
0.4431024755186593
-0.012841929954165051
0.2747179568576097
0.3424608763276494
0.013609352299621572
0.23668998659024654
0.33801824529518615
0.050211850655453256
0.4199546221657744
0.4637580760390515
-0.07297379529605266
0.3368832211741874
0.4093334124284465
0.06398337873341033
0.5428388983031256
0.66884321186454
0.1555417456514938
0.47885316396873434
0.5624325235216516
0.10398508523481134
0.5018496575737961
0.4549833508131804
-0.004886587707091291
0.33602866555944655
0.390281086648985
0.257291013841756
0.43599038300466963
0.4420611149188891
0.3635542577493829
0.5926741012628054
0.5336014748287286
0.11220378578052848
0.466154344100288
0.4508052302062645
0.40050230399805997
0.8253853493086709
0.7265086301448473
0.06655479107285897
0.24390386231333647
0.5551998505162099
0.12232524816783576
0.14717431048042995
0.3601777434407748
0.041570449809003804
0.21564008751658076
0.449733822068371
0.0718485924627858
0.11433847785390128
0.5450700247274793
-0.0974671146901661
0.029718354109009172
0.3280872412214376
0.12925661818558165
0.2784180971168061
0.2740867023605026
0.06065985198581242
0.13942050277513277
0.29126090471842614
-0.009813590615555859
0.3311465926509787
0.7444116223326889
0.11496573538984659
0.41274597685911557
0.5690836242494295
-0.35909382307626725
0.30977648896132426
0.3358110191038997
-0.3608089757219231
0.16288905052529185
0.36675057028938607
0.19285394498426112
0.2321980830669517
0.5777435320742952
-0.031680981480438686
0.20590122873950661
0.6694380425156192
0.05990467975844905
0.4979818894506034
0.6671343584351346
0.08490070220336104
0.31562090173369434
0.5433839162799934
0.006860880627817284
0.060091475809773164
0.6897652256613567
0.08504501049616138
0.3757599365113508
0.6918059414423325
0.05691317301276048
0.015065410276997976
0.4270391622611084
0.2922095551070009
0.20581211927584456
0.6937955559914896
0.30947224153032976
0.41994926443283476
0.5027338893176119
0.20436893293542877
0.3141555059051022
0.7816207115224435
0.2327088415701236
0.3056361539593502
0.5079076370936695
0.0809289737251655
0.43573710536791
0.721048464813761
0.15172930056900572
0.47482237007296024
0.7018503271225065
0.14242271163008569
0.6573349856644352
0.8356640270445841
-0.0035394778619549164
0.2945547413575851
0.6369334829712607
0.09741826332389225
0.43804516952680217
0.8097408351411429
0.2147402532308939
0.47094790064206266
0.8060382712586127
0.053274432996190606
0.4560400907179458
0.8639136373284867
0.1090790457998731
0.4863926506972679
0.7790784541317614
0.05519021416054331
0.3350678651675541
0.5161096938616532
0.1394183811434217
0.6370061665873967
0.7284161672288847
0.15157609744094225
0.5217410993837501
0.7219859321880295
0.058474029697168806
0.49102558560443643
0.7549635483158159
-0.012599770442496772
0.3242824347405924
0.729591816497062
0.04316233360042295
0.3344544107793972
0.705798361446996
0.002257052785233655
0.32472563701277457
0.7610831823045834
0.023986249725441312
0.3782254684719122
0.803778175654176
0.03326826957254815
0.34183676450347517
0.5912198532646048
-0.05285241511115817
0.26750783730329697
0.5165641958687052
0.12513177094796307
0.5786940970690133
0.7079182883170769
0.17035184386421376
0.45838606746896043
0.6642610937263882
0.21650238639632396
0.5131507423788869
0.771202604804532
0.19086172803905177
0.4922946894671592
0.7011411607695202
0.09991285739741301
0.5073793221065921
0.7376034674447411
-0.07569066063349247
0.2464703826112914
0.5604030137968319
-0.004968283485790859
0.27896824255908675
0.4028380946031518
0.08076945595262564
0.42997353123436644
0.5667171922440745
-0.10001947547005424
0.29282336423521504
0.3902987141588522
0.013352939123060441
0.5006533838229468
0.8279002294766338
0.25660562061639536
0.5220204628445274
0.6492334280830849
0.217184280169601
0.4733795619442497
0.8440188990792475
0.06334178343642383
0.4406053551135961
0.7826218621337907
-0.0007445476595441037
0.49588484720433873
0.7512642695016858
0.05779071197500314
0.46242059224973775
0.7266708860144474
0.06542156596297
0.46423192126393603
0.5755024873237651
0.15480372782781532
0.5009743150394975
0.6730398584461026
0.0867584892951007
0.48582135729884307
0.6684489441360234
0.056653117438198994
0.5749443521708488
0.6935108164700925
0.096060551243502
0.49353324263302456
0.6201342701543602
0.056113965832963075
0.47322638148632756
0.6198762677720461
0.07904433077833714
0.3790529363696134
0.4807975720056258
0.04520525520066909
0.351141189467743
0.680610271892535
0.05022233368706158
0.36667472307700577
0.6893968652993063
0.288082630481721
0.5119213394409761
0.6767298675831379
0.23150337345197555
0.4671567869478943
0.6127795437398521
0.21331163409516257
0.513477523927457
0.8123149798750984
0.2814194992023647
0.5364609988038624
0.744653686983501
0.15491556854231947
0.5130169109822129
0.7021951789520148
0.10722107125339234
0.46205987740671073
0.6139686390896147
0.1525814085440526
0.4626105821025226
0.7094251726744099
0.1509864042558723
0.36401908624017354
0.7662013460972537
0.03371126707120521
0.3122709863182664
0.7693684106441927
0.08337130992625677
0.4704246887116128
0.7033954590371952
0.14767822387660068
0.49635641265169334
0.8116654134122003
0.11247710158982151
0.37577514202795775
0.6445089408191575
0.22650874281175365
0.56366681167462
0.6691960478556713
-0.00845115634468333
0.593907014732351
0.722037925901944
0.11917404962260061
0.5087695448796561
0.6166143962303952
0.1591232856958941
0.5542218065692108
0.8430944900810637
0.01119553921210227
0.2993772212059942
0.8226285033516456
0.0864185844796241
0.4756345786399787
0.6641973737915793
0.19574740492891166
0.5169922510764609
0.7129002805189855
0.16379669744946723
0.3391847503616615
0.7831902262701469
0.061908082072607826
0.38509773159101135
0.7039199142575825
0.16237412001700882
0.42887361769340776
0.6084407077786574
0.1334979859429563
0.5871118498892898
0.6105403090310597
0.20814787520230163
0.36077474029594514
0.6216192784974989
0.05844652322755936
0.31679193177107107
0.44649012290646833
0.02164723729847911
0.22605411312030327
0.5805992808669145
-0.0644355584267657
0.1876160596990013
0.7233781377076736
0.06908761721419047
0.2528725211412944
0.7085585001919812
0.055713061079909525
0.19071462993176505
0.6887429024643881
0.2622058895483016
0.40119558643237785
0.6825539681077051
0.12584973208961323
0.32083690909781937
0.7022242364356686
0.07569233040305252
0.31732474653445597
0.7708445655906317
0.14015807848100248
0.3958482017387863
0.7937488368756308
0.032989693991956885
0.29237478841352976
0.6844342893403257
0.009907713120426587
0.31336499061737855
0.6897560418784472
0.07199342306254106
0.29323445067142634
0.722519235852243
0.08346938120597883
0.37311709807692317
0.7242304307906957
-0.01696811273485544
0.07807924375658704
0.6707650972485997
-0.07900909036100112
0.044037921805046606
0.46565941399693817
-0.097336129042171
0.29835440999274054
0.38068951577154697
-0.18153224182377947
0.1387608044946748
0.3272393987423503
-0.07219782215206795
0.2839764383730027
0.5076574472937734
0.03795122443148129
0.3331415426614517
0.5988326574531719
0.037934837644970784
0.2588530360599991
0.573224621056899
0.009449038117071866
0.2786368902537788
0.6471951202867019
-0.040340648278839625
0.40473455735055897
0.610991897253711
0.042074626110098996
0.3882665522700154
0.6820109634629665
-0.002000846349213603
0.43588900776751616
0.6490474954443982
0.047769724461449274
0.4685649055730796
0.7869477936845375
0.06726895261482822
0.31818303460346087
0.598835198500937
-0.018048706571022845
0.2596193413963777
0.5492480210570644
0.023866787758585403
0.33670884949083213
0.46769058084572784
0.1808115207941662
0.39989714720738767
0.6963310616266011
0.1567424311403598
0.40708839967792293
0.667361831304145
0.09676349571379028
0.3475021760562951
0.6319763288270475
0.13021532935414878
0.2048359925591195
0.4816164014866553
0.02977299211344778
0.18218018992286003
0.5743661198660812
0.07409113260386263
0.18688260420379488
0.6627292342800957
0.06601008074176774
0.18409642861553233
0.6018749758522112
0.0802963954631249
0.2162430392051698
0.7437973605490917
0.005527250235808981
0.19103699399917018
0.633991388350787
0.025834311769024967
0.19699084440697412
0.535336440557887
0.0679005273294292
0.23629127010956263
0.5084659121964485
0.08792710458302813
0.339914676416606
0.6261516263527688
0.03187802773722471
0.3289033945594159
0.6708432671418975
0.07889139047274936
0.3596265531068038
0.6383899324521273
0.06253918041411874
0.27750121207402895
0.5467816095997478
0.021548133221743433
0.30842160347689995
0.5592346083692461
0.005742218570743508
0.2593658271551874
0.4717001110318756
0.02952782731028609
0.2593622532026581
0.4557546917913039
0.015032587086893732
0.2678224284297502
0.5616959090097999
-0.03541552728880612
0.12307791577263588
0.47978373776411887
-0.06221079430540487
0.20282506318946042
0.5539143642569446
-0.07840830988093093
0.1612080833143782
0.5332320428589084
0.008494814783223711
0.1855111542782466
0.4103227919144676
0.03932951876037688
0.21677211361197674
0.5627085091163166
0.01447370877199921
0.22243349729816275
0.49796649114610053
0.0018374538890823518
0.16685910622622446
0.6312819031110242
0.04148177363763131
0.27455680722595055
0.6349647109712586
0.032403634218532304
0.23999761528315763
0.6428608867942911
0.10215829355535207
0.3049260938523802
0.7227534858481088
0.1658566069603976
0.26964421795358295
0.7542160225646796
0.1322950342506655
0.32573764537649424
0.7592596234973079
0.10474444263034155
0.2870835482780647
0.6160667329558627
0.03317132657054941
0.21128976642918748
0.6295921717336987
0.02826237080318319
0.1968991606764639
0.6332822415616128
-0.008903656413748465
0.15744652330988856
0.5723162022900737
-0.07140172335272146
0.16174770844504333
0.382713799346798
0.010138053666400412
0.2176968520595809
0.41727908467169644
0.01406084198183562
0.09284371694519221
0.4122113660228901
0.04773694044769432
0.20887234964212903
0.6401456011349334
0.05811769831895709
0.2739151776584084
0.6262612694563164
-0.03841990941988083
0.21516177862392744
0.4183012731337298
0.1640916777819037
0.26453685433831486
0.5021991334601075
0.06859041861479927
0.3064282701191537
0.41804790553171
0.020862858146137916
0.29715526251956326
0.5499064125790709
0.05322148578025482
0.11591098193016487
0.5112896504464415
0.012858025348451665
0.2215301047546455
0.4513905528023014
0.032174657117334665
0.23113236356353184
0.28757201079887007
0.1484321255233616
0.25198601262600157
0.46298598295123766
0.1733468700941383
0.21775857526714307
0.7963051385210093
0.11984378131547391
0.24354045550882192
0.6456093409943056
0.41336075717066423
0.3692709011880149
0.6287077572997264
0.35473427307390437
0.6939496551691601
0.7032178675810907
0.35768323392970613
0.41115299070402933
0.8179848790197026
0.32961367211660375
0.4649527157234137
0.6356297063452792
0.30469320172511316
0.32745800158878396
0.6052142744681189
0.20379029018915532
0.08695530950434543
0.5688519897928326
0.3541802371948107
0.3526819114865482
0.7441481460677483
0.2792548752164917
0.312243617472089
0.6406211389037355
0.31314001808082237
0.374383371665614
0.604855221088056
0.20746325106404767
0.2426704849741756
0.7059014917113957
0.1194696970274122
0.20571518243560136
0.5792951202980263
0.08538836801630094
0.4231851629137472
0.5740015357564747
0.15998877754032376
0.4180264310301033
0.6117270183146674
0.1468697715331666
0.35534422247420316
0.5397592193815296
0.23692399534118985
0.44463065771864707
0.673826334737066
0.06138086516086343
0.3190641645377287
0.7663284935807884
0.23706804338238907
0.5346187500751273
0.7581808643854611
0.17718149774714248
0.36368821489082115
0.7886242795274893
0.2954915054904523
0.45639195415339573
0.7935415431403254
0.1433336367514468
0.31672814385071313
0.6217329327476719
0.12436233887602852
0.22092907731590428
0.6376744876497571
0.1429886365887373
0.3966829966044409
0.5796284685053585
0.21189368422923466
0.445520984488767
0.7072817065911893
0.09190839260753092
0.37847771533378405
0.7640361162006422
0.16245082902640234
0.33658637812387904
0.5752484159083358
0.039530159694321845
0.24456111867676955
0.5433772465366672
0.14717664304326195
0.13352794090912826
0.44386096561212984
-0.09830419167425689
0.13614681681638538
0.7655437321348453
-0.10394127785169527
0.06834473704109471
0.6349077826315686
-0.06130495012839961
-0.016418273475673446
0.4883615312142675
0.1553124047108952
0.1838034908930277
0.7357450997165876
0.14138933741294452
0.26158223620686283
0.6240715230971654
0.07474962738853926
0.12445346100524644
0.7953498494400763
0.19662552851322468
0.27265095651034044
0.7515750457762318
-0.0011719435914990112
0.14246740029375693
0.7052236959477021
-0.11458353173357982
0.016368549570045746
0.5399704213016554
-0.008419307899746807
0.04213326019219167
0.7517270635652435
0.01874763229854502
0.08446733172099294
0.782272968335684
0.006830480838561741
0.045148886535367715
0.4594574379131685
0.07283177811355528
0.25046939927169753
0.5561070061031181
-0.013365667823591892
0.12022965619633481
0.5511956928623819
0.06178544688572668
0.06300893533520716
0.7316570618125964
0.14705338845856147
0.2656846961051622
0.690305967628462
0.06793570698185439
0.24226984965014847
0.6617286291406175
0.022318884682329024
0.24225455778623775
0.7301147400161851
0.008034334974502733
0.1482275797128959
0.7002561733081087
-0.051939517725908595
0.12992682843318032
0.6579653805823275
0.03425242421913826
0.19825604741465513
0.8248854386613637
0.004755078647024527
0.1426631553389443
0.6944903326303
0.13021043871236126
0.20739696885709713
0.6614196627804035
0.06616147760658228
0.21122802571609858
0.4939445305615856
0.06770857867130575
0.09645052239321672
0.6853110578471051
0.047718677858426116
0.04597739997216831
0.7249884895058498
-0.03646448916488519
-0.018293401851961606
0.5152432067984815
-0.11186688824523477
-0.03886979889408199
0.5969181485415702
-0.09275399055222402
-0.11037413744291322
0.7160938803034675
0.04030666770116597
-0.05404250638347068
0.5412950769897693
-0.007184132574051476
0.034732690314350716
0.6440884985609541
0.010555432920754296
0.15413897650202776
0.47226200377189587
0.08211443308288854
-0.09026130021954738
0.5143159292064663
0.29087424080636587
0.1482260279170883
0.4813681059580167
-0.020766086832532844
0.10261199674491012
0.36759754705719205
0.15699672433984194
0.24323445456483264
0.5620297353390609
0.13788404750352456
0.13195765247894278
0.5577166794024442
0.005814067554069949
0.21926992501219206
0.45859177162259884
0.04241647466940636
-0.09967984289842921
0.40697692500862204
-0.04172310686535822
-0.007525686107418838
0.6489990369252718
0.044605725983513506
-0.021589536406256986
0.5806389152866853
-0.00021809836643892078
-0.27842636454364766
0.32485679064059136
-0.0624610413617359
-0.07222386634299664
0.4560167889947876
-0.06326983018477104
-0.10653276754234178
0.41988902102462283
0.15994595316556154
0.032152283429220274
0.6606523447574207
-0.031065115907840606
-0.08120389850823026
0.5059461791940896
0.022021323417026815
0.040980683314734395
0.5444614149666563
-0.04008191359347836
-0.07659299361652455
0.5682605180994269
0.0395029346382514
-0.06769582579056899
0.5419039107545158
-0.05202383974438803
-0.05854474399957281
0.42764503968514206
-0.0320726575900359
0.08565009651805915
0.5001449196479961
-0.04302515827917002
0.034379756570588955
0.4679096565000847
-0.024761208262538865
0.13957814939319124
0.5999684330504915
0.02467537501241966
0.08986189534906197
0.6125718800368154
-0.011629988303131854
0.09344178453803646
0.6327908621089906
-0.00906379758172611
0.12861092259726833
0.6369258094485752
-0.1069820367471831
-0.048820881873884725
0.4661949501521532
0.04986032600924101
-0.06318943536136701
0.4886582910188002
-0.04026961113722451
0.020693893353070127
0.5817470375874838
0.028567147580090494
0.07806943535468736
0.4369759633609068
0.06091353906521962
0.08420965470941105
0.6735066812076067
0.09364719999293603
0.000343822244027802
0.4941491828413267
-0.026025338670451068
-0.08035330205683415
0.5107849865252608
-0.03050233050506688
-0.09562063735911515
0.442908653247571
0.021535093646680274
0.04285457325902135
0.8192654014897849
-0.03668469242089896
0.06144416400885559
0.8419645400665015
-0.13997005126339762
-0.07475144521779153
0.6828686751788979
0.028578601499212087
0.019334024973137257
0.605263897955455
-0.07674727148544525
-0.07442701370473517
0.7198310341667649
-0.006707632672982276
-0.18064149727190745
0.6586253459440157
-0.008502294733927333
-0.12060549134367494
0.5842091483691183
0.10256056147218723
-0.05775599341309107
0.6131488726789405
0.014844819831957009
0.006283254121957285
0.8039869701595961
0.08637318750422941
-0.004305050371332272
0.7573488667453983
0.007691815898935077
-0.0920655631226155
0.5685379694199
-0.04109005246154669
-0.04792800369785947
0.7095260946621103
0.016855958184921624
-0.09421278265873291
0.6786909231564915
0.062118912031434916
0.006865091202078977
0.5423732662710645
0.09382848425784207
-0.15619272113086552
0.5500173658130706
0.10027481594917219
0.2688597966751375
0.5904681868267196
0.15408297298670504
0.3191106534847241
0.6124498745943853
0.04945771738294444
0.15675096998282803
0.5690257925108995
-0.089761718128756
0.07186573738304597
0.2479789608781875
0.037603812409645894
-0.0076773117283554515
0.29194829996104765
0.23539665334533527
0.18428956316043685
0.2999074115580138
0.18412850350406046
0.13996219621896455
0.4264037244213189
0.0507759762656159
0.16891215798678502
0.39790141241934873
-0.10120149832621218
0.07901463282509813
0.47913504973075427
-0.09681643209179433
0.1616844155090244
0.7059910409126556
-0.019932514928832325
0.1949535051549412
0.5924903817226397
0.06385439601375616
0.23381865069413962
0.6920865393332765
-0.10779192647954139
0.1139054549003527
0.5350611184462646
0.03354876824808797
0.2379543874492133
0.6594522269549048
-0.03082404576203108
0.2195880914500214
0.5647100143312986
-0.03595059047446517
0.1819038076088879
0.3860817120858886
-0.09002570114637592
0.04543887169338257
0.4072960840912213
0.03949977449693064
0.09899322298544008
0.37252573547672424
0.12509847458848503
0.21604748312633987
0.466106431044113
-0.16907688245196317
0.10333207648181568
0.45321015471547055
-0.10392282405163453
0.25508316063931047
0.6413534834642697
-0.11500602434013106
0.06616397273440633
0.6907777332893223
-0.042421696075365
0.1449976476126546
0.6898817330001175
-0.07974466102808678
0.0061257230729286835
0.6294683804493667
-0.07209035936155272
0.05729769040135639
0.6696788087310274
-0.07166759580534846
0.04735320525353265
0.5640218433508488
-0.2469475642573701
-0.10789159825767702
0.4764971922916041
-0.0451115830607662
0.1006343881344827
0.6454303149987454
-0.1675187386890045
0.005616631223688707
0.5349729469786197
-0.12106492955268641
0.060325395415847485
0.4230453222001332
-0.10123147276066057
0.1864642727620247
0.5805946991872415
-0.18722819172251215
0.027534919281438343
0.3997380401559816
-0.1218788006677697
0.057515111681178135
0.39717001419794273
-0.09471537126528531
0.06118123087039708
0.42770376495887263
-0.09907861823114426
0.1138375616632255
0.5599732389711649
-0.14789927729699082
0.040275886744832165
0.43239652040836424
-0.13206352632116414
-0.08003025833745017
0.2933603686616848
-0.05747569472224446
-0.17116952076554176
0.22304853269538483
-0.11798528100559401
-0.09344749970245678
0.3665118151910943
-0.12768009578161565
-0.24487230574864022
0.39976619784957745
0.02890928004725668
0.14641724851209872
0.282822793092117
0.17628965221722112
0.3508066337169454
0.15205676902501103
0.07195772340402969
0.65551854186202
0.40655092281734706
0.020565503334610345
0.3290176921261567
0.2744942276416068
0.2742457646467743
0.31489758109869465
0.3727789619671498
0.11824490436428599
0.38396181309755373
0.462994617330569
0.3522636133008288
0.4442317557235901
0.5268952659597127
0.4056494162691509
0.47116988204919075
0.6660265140620916
0.49576461781026343
0.762958523062718
0.6942601595493503
0.5455756357233248
0.8608809576598093
0.6987312311869829
0.7040646757452005
0.7754480173935219
0.8013203601899022
0.5934189730090285
0.5900638283191499
0.7769789590865048
0.624126620699576
0.5386797316021603
0.7938688551057591
0.2194071459159323
0.32061239146965853
0.42405462641369807
0.04958141511524062
0.4744586728626786
0.6845745505441448
0.16639280853083607
0.6463896793789257
0.4483139774236229
-0.017276867380614586
0.0077850457770274675
0.011135716158841364
-0.025394663072483364
-0.05947011017202343
0.0862721872798762
0.06542301000313111
-0.027013163465038886
0.08669721926146798
0.38054186173624505
0.16172985328774023
0.32466181592590143
0.04305875141495711
0.2210920890212915
0.37596529225216924
0.05656285026062381
0.15773246607355063
0.35701269898810206
0.15925335215602118
0.20777920488733814
0.3538886375409206
0.38956572883006635
0.4497214599789539
0.538727486916021
0.14047381976108925
-0.020823300958666142
-0.04686991502611501
0.11079503569025756
0.21273322336875422
0.16128964150730957
0.42001872599716183
0.12845107768843964
0.4635429048066648
0.17557567079380085
0.35236661211149456
0.2872058298862549
0.10940042325626384
0.3833692877564866
0.18065223804135333
0.20119141081260367
0.12874990023780142
0.19049896647318917
0.005853917233884072
0.07639552910020111
0.36899369279990135
-0.10649437414351512
0.26455030094724585
0.21914099344711313
0.15024277238814476
0.041488216878047365
0.2615682498753021
-0.0951325932159541
0.18790545389429222
0.2356758263000006
-0.008362301045119445
0.22258788911303498
0.350929555512335
-0.22351987908624144
0.08928549471144066
0.3127319551907809
-0.11380694876535903
0.03417546642714271
0.37240195632785916
0.19307327333601293
0.32220799071319306
0.3573718052892326
0.04481062488186221
-0.009028809562233961
0.3701471926842922
0.0660454183717726
0.10497462825224047
0.45618857507652455
0.13647007314901075
0.12361299881918558
0.5406972175944184
-0.046674206136256835
0.020903164224032454
0.3218084560896204
0.02072263081782584
0.1733274326503548
0.44164382406508623
0.036562321408275394
0.11062756052511127
0.291918428914993
0.11105081266803052
0.2206495032915418
0.35879249219364173
0.03414857715387256
0.10945363971175337
0.3662867620565175
-0.022559697448459856
0.08176046656858466
0.3860522989400663
0.11511623758306233
0.08156504158619099
0.3507846858305968
-0.009728267389528696
0.10988827265314045
0.4872190796744881
0.06414701443720913
0.16729060895913705
0.39329082619324707
0.07082333094062525
0.3299678203109979
0.3185578442589488
0.0019305458373062526
0.3621625716380623
0.5709775415282737
-0.031402152342012386
0.43282410161949436
0.5367594710901632
-0.06243739317427663
0.25824635697523396
0.3767432736425756
0.03430070378128585
0.222939450213874
0.3125365982958779
0.1536642677219341
0.3819568942784757
0.5282993179574049
0.21143023860190285
0.4162548640300845
0.4883671072168314
0.10796296641237645
0.32385751608491353
0.42596099335775506
0.02916688674885988
0.15542983860727
0.37662786430753276
0.14096230681901742
0.39539194432989005
0.5630347273481842
0.16947311080395724
0.3502068723780244
0.6842723435721754
0.033041051458474247
0.43709121422926933
0.7022756399861041
0.12032115574049292
0.44659580497809037
0.6341404121915617
0.10524308634107002
0.4574601820869755
0.6954179391266171
0.11469721339646535
0.2585812321166797
0.4824474294850517
0.03153098456993882
0.3048789685977241
0.5291537255472636
0.17593392376827527
0.5176023128564855
0.6433917642140226
0.23314618340689267
0.514011014118673
0.6450030306187653
0.12869194615548973
0.4131736303517171
0.6682443363893572
0.13352250745474142
0.44780889938391805
0.5928713412552479
0.10692668230847802
0.4189027646504003
0.44899941868862303
0.11201034242515231
0.4261917247404313
0.47153618953554854
0.15561906455703642
0.3215164294143855
0.5063477882174232
0.15206628467218214
0.33962086674419883
0.6011741170738638
0.1709226322376488
0.402029381566803
0.6376123784867842
0.10214954629905815
0.3511714942306977
0.6497110414006337
0.11906887468902233
0.2263323414719362
0.4304165756569911
0.20019557059329535
0.43968785443574276
0.4548191591975917
0.12309061534552257
0.293911138056293
0.5079593134068096
0.08696601845124163
0.3978498258439752
0.4566710961314694
0.07180317742161187
0.4315787519626167
0.6038503838859628
0.0522571830376207
0.3886815978883646
0.6530956301115055
0.026765180423894884
0.23847529341864812
0.4519388612727009
0.10315570399582683
0.337604305700128
0.5705101694695294
0.11977963811110516
0.3015503614103372
0.4310275854214856
0.06995805713148669
0.35993821957350514
0.5657836985534227
0.06363435067530931
0.26137785921479895
0.5013756627643917
-0.045962995986338295
0.19363793359040957
0.49864802350213366
0.02050699808833012
0.28545966022946245
0.6887311890295946
0.17691109998906135
0.1587412461501208
0.4245175447366362
0.13978138441177212
0.14464745354537242
0.4812783452666522
0.06876831431592631
0.21928674269417303
0.21152068432383114
0.044697658154841155
0.10984033521448458
0.2788223493416407
0.11410143145460869
0.12872967154939166
0.2255548069859654
0.5588998145047288
0.012531553196787129
0.7096648311485101
0.3981271235339355
0.12524060578526347
0.7247512879898644
0.04887120202741402
0.08637408958107694
0.5019222037712687
0.04197819040609345
-0.052651058306381254
0.45311553037938007
-0.16029938893768816
-0.350686210198231
0.3568666063950291
0.015136464022735163
-0.3089686206620901
0.4808888130493799
-0.09813909499741519
-0.2707206772132651
0.3856489225792127
0.002727234364126977
-0.3809196835169951
0.4806318515230202
0.3931264676502383
0.349983718584305
0.6938232564798404
0.23997247710625674
0.25960567491651315
0.6041657093093307
0.7035249770430835
0.16562518826230627
0.7488272712080977
0.5146959189685857
0.2893167464129123
0.7177301957818156
0.5151916323283672
0.6044796084902003
0.7720720723158614
0.4436603371469968
0.3544636390604309
0.5678882708266657
0.47179105889624673
0.7184641411825953
0.17831606359130994
0.1166526313753036
0.3069587079368481
0.07280626634718555
0.08218927862553327
0.15827289413431178
0.07804129529672868
-0.05280902781826452
-0.008735540225032808
-0.0851260822052401
0.14467180625549414
0.19266038954001824
0.061006084802005145
0.05668305960389692
0.10399112493073315
-0.08106659710405645
0.1517381710170318
0.033564614942502756
-0.20756610292158031
-0.06168194083256577
0.06984645521878628
-0.1239539789117866
-0.05548216467015836
0.10857664264443895
-0.2003755200650092
0.2081070011277273
0.5806187412366303
0.2093393239520573
0.12523380396631434
0.29377731197766066
0.16633576306926154
0.3056264143155114
0.41852463691751585
0.32047984866276
0.05446329015008206
0.05261465680716921
0.004746831518446892
0.0009814214678095347
-0.008752149616944687
-0.025752118625230386
0.0017142774281505534
0.05465997266792231
-0.02330282781581532
-0.046935957572868434
0.03723232742708653
0.0719959030768266
0.020010694931900365
0.07569983071086951
0.07415989506251189
-0.057820673410431525
0.016022772783260263
-0.00018272923491239462
-0.053229504525017
0.03308747784503294
-0.011582217388991936
0.0010065895663578898
0.20980084382991487
0.07053694964091412
-0.06313504114073618
0.05440409960293573
0.06006464784264655
-0.009502959797527315
0.1292879026275491
0.1695008331771251
-0.0707143759452363
0.06737808137232931
-0.005617346711001438
0.7310052120859469
0.6112284211941329
0.049165629126780394
0.38163992688988
0.1953581193484704
0.283819705079847
0.3694184721920818
0.5431588403266592
0.31088064527027026
0.42611360362195705
0.305657871952935
0.10035014657884703
0.48076628827347023
-0.07528291555567135
-0.013945150627541515
0.41802647612823984
0.20035817913543236
0.10551468624785311
0.563456989476461
0.1378181892963291
0.19352421068250636
0.4352511218965537
0.00474234834326705
0.06195029778215383
0.5497129960006644
0.19376528100694806
0.08903515003945797
0.4484252068128309
0.08877260398846942
0.02911009308929556
0.43268303944650455
-0.05471403075556717
-0.03954375806089644
0.5749453506061815
0.1719203815444486
0.04427777273002083
0.6108677908468167
0.06567025622980653
0.004951500231448752
0.6293393451295075
0.06941811207793164
-0.01702149836285251
0.6982626911616964
0.05932756306545815
0.008091162950408255
0.5164778748925855
0.14484505128298136
-0.013301636413422116
0.4032706473023926
-0.012093253283576293
-0.13510131471009312
0.5089873333828532
0.30125084480033226
-0.0021350340991532365
0.43115460956380386
0.21730842788919752
-0.027975789340972997
0.3552113834038456
0.07712639505327715
-0.19415182826068744
0.5271392788092646
0.040029373165156715
0.006365004974159752
0.46556206954287854
0.06099015638726054
-0.09297254433526402
0.5755694404693446
0.22423865790159025
-0.002548267394360511
0.5033493002992364
0.19398040273546352
-0.014559327453055567
0.2798686948458954
0.004770883644712336
0.0994260883923571
0.39373207033834035
0.1605373788067636
0.12949993761335177
0.4325811805682815
0.2886132496302865
0.11132444602940741
0.2339698402244394
-0.02065198327028408
0.2235611772531632
0.5958367297279943
0.2534555838056742
0.31252136713206746
0.7925769475851876
0.2846549567756051
0.18019772604841555
0.6102778850309766
0.20590022506217126
0.3110180580317189
0.48365402379401934
0.6108841409219548
0.1644194850713645
0.2796877437275019
0.22678763365778892
0.17199312384995213
0.6141355066083934
0.19944998572636813
0.17982519070106404
0.48079114196160777
0.23365356444611368
0.13994810809409033
0.7544201331611703
0.28387680173311014
-0.03756049748660081
0.7493296501749322
0.26374922227423947
0.3173358316710701
0.8427225198597249
0.31029968564667626
0.2677600532264028
0.83590465055712
0.24975671283425122
0.17532953515378266
0.8535968912375104
0.18022192937069742
0.16783325986658226
0.7715732748683013
0.17225401992798345
0.09551928525554068
0.8535142366791162
0.5482430582739029
0.4178193421208348
0.7571867084029675
0.5312311670235736
0.31691879312006677
0.7983117041533201
0.29619437242260804
0.3152032650462755
0.680201483269969
0.47606047642204435
0.2671658204045336
0.5058856939191918
0.3023014718657614
0.2214442461932762
0.6371294765071619
0.42233973488227056
0.2368930367008718
0.7500439918210522
0.4490750818807545
0.37715853771648195
0.8418025614770588
0.38359333162704856
0.4278251030016119
0.6619750291958681
0.4484742129800518
0.16715467488042612
0.7682434722551671
0.6626408803415985
0.43486213198940304
0.8339990766119152
0.5937124780533511
0.4307137408699021
0.9561516859829791
0.5821995515278695
0.4398811994711368
0.9496463342705509
0.6597007948918372
0.5137430063478692
0.6219413569619143
0.4153941168315066
0.3955398041280045
0.7627142057042768
0.3797674323850123
0.30862122597611935
0.7519764575235335
0.35355066234382093
0.39288631529220136
0.7509005617611371
0.41213701996369145
0.09068209250064223
0.7777305175639811
0.3212845720349176
0.02508592717152787
0.8239236237409644
0.42854758923009895
0.20301911161871244
0.9794157547026943
0.32959753169720046
0.034163990523543034
0.6302305777040025
0.23655871013200314
-0.05260371069652459
0.7852911860072334
0.4332782237762423
0.2792594973698481
0.8189026009167624
0.27522643848205003
0.17020324923664776
0.7322197800964094
0.2800577310782165
0.1753075298876182
0.8877791046903827
0.3203507396199634
0.04374572789574565
0.5845096584890555
0.29802959561617237
-0.025407928074078674
0.679390726628002
0.17168227817856774
-0.20568925127148258
0.5222917337131618
0.1735247982048026
-0.08198075073420492
0.5285681720715852
0.190798015032659
-0.14421925672576658
0.6135931153796703
0.21734859180852906
-0.07634534427725066
0.6120423384161606
0.1955125611865638
-0.02081781456350481
0.7075915410216715
0.29235449641247446
0.1345970096473117
0.44272238801613956
-0.015221459611366225
-0.06260662630887856
0.5405468402559377
0.2325812067191013
0.0684744638369836
0.5024661547083915
0.08165152566494979
0.04412464976033537
0.5847198122251546
0.2902546660569874
0.13079093758798851
0.709690492213857
0.1301194522473876
0.07735809756710263
0.7714270582152385
0.338756478356397
0.11804022133375952
0.8661724940471023
0.36037857712945354
0.183309715935084
0.47980612876093987
0.007260522020052519
0.1373533355199713
0.4733841084202507
0.1504855220805856
0.058971072769427646
0.6501895005304612
0.17578062080518206
0.19134387491989077
0.941847851311117
0.4834820358223662
0.39166607038116574
0.9661728071404702
0.4900232605774659
0.3356872021425157
0.6512181043984631
0.324445708386025
0.14967547104938356
0.6980892416770651
0.07869764775199829
0.03533740215108897
0.5938097304733128
-0.16721020517939342
-0.15733900986610588
0.6647825234750919
-0.013364234700612916
-0.0445816996929599
0.683796610349887
0.020672554764976717
0.09811812486657899
0.6643862903446776
-0.05914720621558512
0.12025571865781123
0.7586626535365444
0.1632602786891056
0.20047824901093825
0.83761784947965
0.09465655139599666
0.08914246161577943
0.688953715272909
0.041023735581136894
0.12678916332071688
0.4960892647396029
-0.09781147035863728
-0.023763247551639357
0.5006345239980958
-0.05418048040944104
0.0060942269081828045
0.7089933354674944
-0.015669698925729517
0.05137500380737792
0.9200381895708947
0.07274925947636343
0.14007711714147397
0.5495182369828641
-0.021895162414180935
0.030355606627452916
0.6281946257948473
-0.03917417308904404
0.11448424458090715
0.747335731167662
0.09585708686115847
0.34395278363411674
0.7478751976742101
0.06194659841688041
0.2764593873266076
0.48826939929629803
0.16625885291331938
0.0786675606935903
0.6269368598363416
0.12507083185307333
0.34908575459822894
0.4647140938495442
0.299820884089606
0.31262020999377155
0.7783503744908987
0.46394581556255765
0.5117049447279013
0.5845598136542388
0.2355794520265727
0.40903283277814234
0.6065206925582465
0.3429513139208791
0.5323187965250478
0.598652552808151
0.12476094390121673
0.47746312160047444
0.4069494383661304
0.3285842121165844
0.33486058623665815
0.5984701981885412
0.3311567639775975
0.46803673376776705
0.5579918438779925
0.4581028126282133
0.4110113259809056
0.7158570692314874
0.6680878289890235
0.5095030859855139
0.7684477050488325
0.6637149442666318
0.5173391678544299
0.8722001134822841
0.5641271633158742
0.6327333747349405
0.883589223851395
0.7026946993694287
0.7194685610805176
0.9475059104653479
0.5827980686709016
0.5593680864847137
0.6956919276141021
0.4777290926395715
0.42266695242857155
0.7737036195486975
0.6286242495058774
0.8098928333799664
0.6794776282700014
0.6609412813882437
0.7552920793710725
0.4030829700060707
0.2830763145220655
0.24673234258597626
0.49708235110268806
0.3129315551067462
0.28577851281336913
0.7072568118314095
0.3436401450692525
0.5815148603744307
0.733460784901611
0.31017839781988243
0.42313441124323237
0.9555237785007986
0.4706655365860948
0.4955146974952501
0.8660215012879988
0.18945129186755752
0.4251653498210625
0.7119754010791486
0.3958236438909419
0.40643245784097737
0.8330188756704431
0.37022134458037453
0.5827397305522606
0.7483240337457678
0.4487611706296394
0.5836571606015486
0.9368266249529775
0.4445429093147343
0.6688875076035681
0.6491779479602044
-0.098844296246448
0.24402166091288782
0.7202688977792032
-0.10364004553090075
0.4069007597394818
0.8031804942625009
0.19596606711159165
0.5383259753447174
0.6852595455075032
0.20753035406700343
0.358350569670695
0.29001233504021046
0.4300499917353804
0.07920327833916252
0.4489908319970135
0.6198701814867491
0.32572392021964697
0.45771847514424263
-0.02279915369546702
-0.010015089293880699
0.6230067614461051
0.21720941140418826
0.39927207649561075
0.6577948093689667
0.38295513284009264
0.17751748754865032
0.20586526466066157
0.6672112709324349
0.27575130279610777
0.1172260776741614
0.5105417155190954
0.21583965514311365
0.13645499127167485
0.4116031952589415
0.37013083104035116
-0.016707866384127225
-0.14583755892975236
-0.3215096387063136
0.1660971802726235
-0.13821531771152257
-0.1741829744500416
0.13084926697881566
0.3271801566621198
-0.02241527125837542
0.09190774510850322
0.22711335449065034
0.051978078428698414
0.06732403971525952
0.18810474785263925
-0.015115861181828671
0.5112480709757993
0.614951817136304
0.46319024125138997
0.39723562788611555
0.31012601710684384
0.5385924274911635
0.28053709852542047
-0.09587114264003817
0.45796649598820466
0.09270095359279602
0.3069107340835062
0.16630540568180485
-0.085437488970522
0.17073421156861507
-0.1040775344294806
0.08319800771710475
0.3279643783473989
0.16840927167370984
0.14591016780117447
0.13413754676024373
0.0416698276524167
0.15259132212434737
0.26990299141656365
-0.15648832177211358
0.0749370972595173
0.48762741472893
0.16299727632222502
0.02502748140412764
0.4178697458036135
0.009961385035365127
-0.08442657552307595
0.014007837428316135
-0.04205412582435038
0.11577143541000201
0.07159271097731089
0.05046617823712157
0.15506617505455705
0.05360253322434249
0.04367165157274021
0.21243855958293317
-0.017421693563402257
0.041516414956854625
0.2579616491803745
0.0798068858841997
0.16273135615758966
0.21087381333581257
-0.07831505947350648
0.0872718764261885
0.02061781510333286
0.0770738857731772
0.2688007994296861
0.0318163205832722
0.20810492556853544
-0.07642972619752665
0.0007862141850991516
0.12189905453397382
0.18573030186787554
0.2830230842369166
0.18546812997710024
0.201592253860548
0.19992931332078384
-0.05530586033773252
-0.1456863927892815
0.34526992716010596
0.0805280599151661
0.01337559910442138
-0.007012577784320363
0.13084030007640574
-0.15681860104332657
0.184321033895793
0.18482128067825157
-0.04439289784772526
0.17217533762482448
0.10053617694127297
-0.05924188502108396
-0.011657521423989906
-0.006194908143758575
-0.1888653493623842
0.2348366448867093
0.15138612958125858
-0.14751202789822923
0.14859958023547848
0.05192165609510817
-0.17843554359340258
0.3030095269791372
0.17425951491791844
0.04191103334283098
0.10442169962254463
0.09055482186408356
-0.02647926277989736
0.01712140515467742
0.026664436938922845
-0.04098901139647208
0.4930582093246678
0.31923591812822816
0.03474657359818138
0.29226636128180644
0.14373543317805298
0.15488624461875217
0.22722301819947993
0.1697325128858683
-0.11726335487797968
0.43220856714420336
0.2612413639578158
0.24945562989020054
0.20688374755692818
0.30472134798220424
-0.00189800179849137
0.428619063035644
0.483698074299431
0.41178294298765694
0.4762831309364014
0.3877087355221125
0.11870735815463454
0.39707855637373984
0.27948121960471206
0.13092108356582255
0.4467507984201129
0.37339263248608257
0.17122176122166433
0.405359596278544
0.4647836698643558
0.13914991940420451
0.48499132530247213
0.21335521068331167
-0.0003953450211021947
0.2557124139114981
0.10887240221391664
-0.07631844719558312
0.2568981260374161
0.2633942638499931
-0.020001084745698068
0.1612232716455852
0.042083378977929076
0.039642872046463544
0.29664216118276976
0.11319095053003568
0.041733003717058244
0.24895111681730392
0.0033641131469456303
0.020081727504038756
0.2783602746606346
-0.065065890288174
0.06304261803222119
0.06046642196419538
-0.02247404658549108
-0.132595393805227
0.08053925557989769
-0.09325279743561175
-0.1542181200951172
0.6077528745964216
0.055502313453046084
0.06551612592852143
0.7106672571885861
0.17961381753933542
0.43037157185843467
0.28089911992895933
-0.010781664430209018
0.09906536536662869
0.2259913401243327
-0.0634570360341954
-0.1864930311123077
0.3675832915454593
0.22246738575581265
0.30615893291848795
0.5726636982604043
0.09718595087813012
-0.005729433779797163
0.8468067694649004
0.6228815282851856
0.3930888402605825
0.7933473520128376
0.6692909905891767
0.31878435642407926
0.6027622663580017
0.39679105256851704
0.11202410313017958
0.7527827782142367
0.479793544515832
0.04359315157884559
0.7355744324555408
0.6135904925531622
0.17511440234287276
0.7637652360862669
0.4572727816077532
0.2758044565160692
0.7633929382411562
0.589072195020311
0.2569768603769076
0.8377406732219894
0.7366898042334614
0.2667126062226887
0.8865018187257276
0.6468172875488806
0.3067757498744452
0.85406782848261
0.46820769594533984
0.09615721194846011
0.7141314337505883
0.4836769911142972
0.20686665278788113
0.8059427180765149
0.5032079454017607
0.1359897825350068
0.7879103711443649
0.6211846434486081
0.12711499761404463
0.8141337150062218
0.5607089330587203
0.10710650086728052
0.8404610339603538
0.6241357349742858
0.3719960300783082
0.6171315604894393
0.5237546337368617
0.28477160320730993
0.7085205728275237
0.6803775838626949
0.1463767405531433
0.723708659494039
0.7197605863094676
0.2947157411041988
0.5547203843459019
0.4552073541526364
0.1890704354645311
0.5069386174827031
0.40878090320447036
0.3398475750366752
0.600216038477186
0.5047747693968817
0.4159929627827543
0.47251501097221005
0.5243318940649875
0.35106676355361705
0.6041413159588088
0.3081069712723563
0.11153816801211978
0.6022923278792621
0.3516044378107415
0.3178673731236227
0.4474485339239478
0.1680019408988403
0.10088264232933371
0.47698846931125893
0.09952888986473128
-0.08204635728296249
0.5046111299427214
0.1577533445036206
-0.188964370553605
0.6854581323020645
0.27380590641189595
-0.03503475196841145
0.4869613133205582
0.19341265401342458
-0.017942633495183845
0.4552450092581136
0.03607692520670924
-0.09180455319165033
0.5578891639067162
0.26257133524068965
0.04125455002728953
0.37171498208767006
0.27028686760212284
-0.04930910534903576
0.7273444530066616
0.4549892688196205
-0.04166229311794222
0.738236685375382
0.8067441647887268
0.23138347696094602
0.7099590352248358
0.6349601915462615
0.08905356083475635
0.7780968906368689
0.8106375531286694
0.11590781405064425
0.8458079080504843
0.5315493659643254
0.02658478917466334
0.6510018419676966
0.4773182094925179
0.17564649256820994
0.4829744573838881
0.3105290488972785
-0.02480677519395344
0.6267791323796708
0.32194766328430524
0.11278475695342638
0.5778035242799081
0.463810971108297
-0.05042610620729314
0.4298144436291038
0.33169421389603393
-0.30557553485176
0.43262315641883353
0.2953241929152249
-0.08906343364891592
0.4495838433367022
0.2867911842555313
-0.27157181371761346
0.25142922600479983
0.4742285841924868
0.12452506907884128
0.4974543609895994
0.4925530478841385
-0.0066854732056051
0.6049341964024068
0.5178667383058122
-0.07599280370823955
0.5998247332996419
0.7538563011998999
-0.049843471752043206
0.23955907919538458
0.12042783514953856
-0.2833094971468856
0.43406640689550957
0.19157855011256597
-0.15137639831366784
0.2630618548980551
0.38234333232420836
-0.1385982379144856
0.1774931567252997
0.26845045494937825
-0.3580485780120986
0.48986292623403205
0.3868062670047399
-0.23173265116521036
0.4389758058261663
0.39885057312634287
-0.04355035147445433
0.17496839112875817
0.11766885021485667
0.10861422626046224
0.2007791676043888
0.5030262660071849
0.2774093647911343
0.19245014885915165
0.3733562626452567
0.2822922516262213
0.13175412363796254
0.36258815578010484
0.13147700015415648
0.084817257284815
0.21587769078118213
0.09426689053591812
-0.0001667573419025549
0.18562792071093898
0.009978058239579165
0.06356645096732011
0.18067065936161383
-0.01977776941060688
-0.07669014118727413
0.16347561374361536
-0.27177529663872
-0.009214107197158698
0.08860547295610746
-0.10561254677972991
0.04423898805783817
0.13510157891984756
-0.07805572819458315
0.0055679141774827925
0.2505324055735494
0.062474669945404536
0.08548821734380646
0.22613550907182395
-0.043223152031434786
0.24278189722047924
0.43842781019457716
0.09800831947824479
0.21521573855057025
0.32038397332216073
0.11251279845262924
0.19714098548050446
0.2680443430929073
0.14655862598244151
0.2445914286457902
0.19301472218681678
0.07218650475190079
0.11509775353277708
0.032665504683460835
-0.2673287374956429
0.16829611117353732
0.16636385422549685
-0.0969630987623131
0.17510329932059937
0.19201218356921385
-0.05105558987541918
0.20726674549999258
0.2050426550986363
-0.07840540523871588
0.11388406006863575
0.1619110911598048
-0.2290704453615771
0.04831226077784541
0.0376295789520211
-0.15197740180696678
0.11407101475137181
0.031340935447302105
-0.18545915473483232
0.06013362642639936
0.025221393647397485
-0.206719663482545
0.2142144301277698
0.26553986322621237
-0.1446874570751919
0.29154547647959306
0.2944486391813752
0.012676053192327588
0.15217558534372658
0.33909110774717754
-0.03422165480565143
0.30491958925144524
0.4636557123491497
0.012549695209190182
0.294368228051927
0.4414363237697858
0.030693913086425204
0.20553279394322926
0.36222599421499607
0.03552377633830173
0.14403237094212418
0.21081318198864468
-0.08040304630636042
0.07078270187413555
0.1550858866441286
-0.08023906495838469
0.15078822978858125
0.23182760329533303
-0.0312551924485313
0.09446795787761911
0.24259245749927955
-0.05826856365614965
0.13666689576379026
0.234554503158861
-0.017656570476169923
0.04903632767452196
0.26142574307744665
-0.04980462904058915
0.08718938841060468
0.18808095567813318
-0.012552514595747901
0.09529492521622054
0.2781706091758982
0.04196400989554978
0.00488340669173409
0.17329386812623968
-0.07476616267168396
0.04925694259240503
0.28360781562445186
-0.10894694115643123
0.06442423090351301
0.27972939823024084
-0.044975952420041494
0.16849466738074276
0.273219940320965
0.07426112108652491
-0.02286170015802365
0.20117150456952965
-0.23261984292046572
0.1788596774987284
0.18951420944231606
-0.11335918136944245
0.20686705975919414
0.27261326447442397
-0.22246343270025268
0.04094630386481743
0.029757005234010134
-0.18029521704393559
0.028871829609799365
0.09982974849737333
-0.2508087184531941
-0.00475887754389386
0.10623696341837208
-0.024632778627090075
-0.03666630724905808
0.1505741358302286
-0.07075995764436607
0.0307411986112489
0.12448956025436254
-0.011982813088172613
0.0558223986001118
0.15254445095804864
-0.007756845085397375
0.06308334759220234
0.16537894542187415
-0.006818095625544633
-0.019922292751124174
-0.0072380031357208606
-0.1630210681393785
-0.027561806538720215
-0.01900122262268855
-0.07979797001946776
-0.038373793113742616
0.03973602842127364
-0.19533070059803348
0.07525822205516831
0.12596600658744359
-0.013312232367069224
0.03744181853715074
0.1279851037965852
-0.0636074030498479
0.28183881091340596
0.4647015476903137
0.15755011811326325
0.40905047467947026
0.5970739853587904
0.08616096222653072
0.2355871969427215
0.45863411963966605
0.17796537091982295
0.24039080566769175
0.44103625568229754
0.17855563262157192
0.07929654468745667
0.2596470107844299
0.001126517727700109
0.005600208092492085
0.11815929147470347
-0.05449329375878177
0.06891374393989586
0.08410999144407941
-0.06008785348049391
0.05970555957483731
0.10990043874897348
-0.061297929354950556
0.05710100965412783
0.10141241985267913
-0.0643180845002723
0.16897598818612364
0.24737965723616745
0.02097950143126191
0.13174920586357486
0.12588772149475685
-0.04410528891888739
0.1357669903307649
0.07875966950424015
-0.03703800682750155
0.18606521075893323
0.3992520783570639
0.05107095526784023
0.33495262600390824
0.3869552528390324
0.19384529486849117
0.3315718433533058
0.5793631710847976
0.1220561755146844
0.5100552842479621
0.4912017871059599
0.013246654408794668
0.41297941250093706
0.33270131642181583
0.10775317965932939
0.49043873883970746
0.3950326420422104
-0.009081668505138536
0.29036520448300196
0.30921347346166694
-0.11340660008067326
0.3178043460969931
0.49280298657894955
0.29746220199521306
0.4000026550306679
0.48536117043070603
0.23117639925255826
0.206406706879721
0.2697323966331382
0.04981161055974241
0.17827654912640567
0.3330177769175694
0.02482665430769072
0.3869881836318445
0.469469301583138
0.17880914580137802
0.4630093347952473
0.47691824143381734
0.21247294858599547
0.26261714314562057
0.18540213546192005
0.1294380415647448
0.019585534098388917
-0.039866468011114584
-0.11477678721567121
0.09009698192009089
0.3174874485515241
0.16474606975331868
0.06556685601602041
0.14335604110284694
0.03821956465621565
0.17624972068498607
0.3183550676304427
0.1152559919849806
0.1178697253338794
0.43230303221949384
-0.13527458173707135
0.34494698527311374
0.606225439256679
0.008240954355511202
0.2544629722696061
0.4837261645532812
-0.06543739669476015
0.3350423785773867
0.4000873329439627
-0.03515076469657744
0.4929690839332973
0.6372430930872812
0.14147862677096468
0.36778060804856594
0.6894012320406686
0.1573644204564429
0.39864538479197315
0.5726930583285881
0.022214491054479236
0.520466836093156
0.5135618326771147
0.22420993761945518
0.43502876071115126
0.5355345674274703
0.11064324259659719
0.4498943156010462
0.6883663104181377
0.29114708027687297
0.4981433704055276
0.6510523580472879
0.245954154464615
0.4831270815789308
0.6516538146948918
0.04523717193164363
0.3810593971155335
0.5517546685305588
0.054014704779589265
0.4303524842946761
0.45478107657336503
0.010541911538437101
0.4688788872473095
0.7165980943184114
0.20528378224607263
0.45043521937790276
0.6734412684027075
0.20760866777636683
0.29113358462472816
0.7457775349999012
0.13761757199995683
0.46169232624580286
0.7440622821832292
0.09819848378533352
0.7502296899425586
0.9153125059913774
0.3329713040399167
0.42373077841280027
0.8080592707096017
0.36033544496032066
0.2939124336401888
0.579504176738455
-0.018278463287832166
0.30549561543689724
0.8847363632441725
-0.033528381774847474
0.32764900763348304
0.528507449319624
0.1404215589551347
0.42356916774214826
0.5486570391304273
-0.07586152766650588
0.3167405504102322
0.6793209205382713
-0.09364635487314273
0.4593636768942201
0.6233005455036283
0.13995241933103006
-0.011407194348174944
0.3631784370499164
0.04137580912279059
0.43338862227285824
0.5711332041115202
0.17632341431463444
0.3005288362011723
0.4126160235977349
0.0763724186421641
0.18754590193770718
0.2701166751582376
0.03475321883930508
0.24046186882015316
0.3342028803712068
0.031241372949953994
0.253231442417076
0.4135954804009466
0.15938493322013736
0.24061453996823862
0.30038370696694744
0.0862553508976118
0.07717139233343563
0.21447780846612713
0.008855383084260409
0.17540892493782664
0.2985527165542566
0.05388482602743437
0.3198558558984758
0.42718445352387613
0.17150543472870516
0.204939379590601
0.6256127241343219
0.05472697406841659
0.1572041957504029
0.5620231834116757
0.08286848722979188
0.1763082526634185
0.5340249690832144
0.1381518623534329
0.2089199389784067
0.5485181298233732
0.19812686340996644
0.2897430243621355
0.6434030146998425
0.15287958037570729
0.2681025972834845
0.6416504555806133
0.09550094573168422
0.2765899947286023
0.4893057138992584
0.08684258939391357
0.2237420069470351
0.4867817095445597
0.12173826208858368
0.10283740748941822
0.4572458061028453
0.0690097154359509
0.2334842554381248
0.3942981114133164
0.1688554580176956
0.23035148488911625
0.4743271025041669
0.04471348095969593
0.2516762550700486
0.5317281637649667
0.13194662854031036
0.2877380614583739
0.45088277257767373
0.06780807297999886
0.19531468481455844
0.471366923132012
0.03653398503495739
0.1475612254831735
0.42388390571157003
0.01842943935067775
0.3801325469031849
0.5915635501874017
0.25591726695150907
0.3149280993881389
0.39368521120138644
0.16642728039140386
0.4210335200706212
0.7346910153678934
0.36474230737107294
0.4129442359768376
0.3014254049807884
0.3077071732677841
0.5852911290337792
0.297017092947805
0.09513390109534631
0.3484922184576068
0.38181965181914335
0.24683040850395976
0.5346565567911933
0.581336237761654
0.3421095491437208
0.4149957754058211
0.6898815077175493
0.2990495184232894
0.645498742827542
0.6074083854962222
0.2981832832110958
0.7075371270490124
0.7266781599319436
0.36101778743163915
0.7658758511136081
0.6481893809919409
0.23222501787305358
0.6301031355663703
0.7095585157714616
0.3559726143335876
0.7471461753086877
0.8139955519576989
0.3114391137045091
0.6444423475552525
0.7213928902819213
0.27501295889458194
0.5164801820431413
0.85155081987102
0.4576555690413413
0.6828196777968358
0.8049148862450692
0.442063771529849
0.5349978938709433
0.6247135809336086
0.4013347125734939
0.63074109845521
0.7123714393675873
0.3983401494090718
0.6168840982662369
0.8276769543836264
0.4314369178655093
0.5109653473195973
0.7172782980297372
0.3585944790812494
0.574777788734204
0.534277893677659
0.20357495332802664
0.5973179937382966
0.5474673095467681
0.0621360606030916
0.48859041962393623
0.40681541721859527
0.06985079008937822
0.3437851202686041
0.3778077779558421
0.11063702625934865
0.5123985268593464
0.4487646293251397
0.1984073949252004
0.3058619964572398
0.45704188549959074
-0.0312630824132898
0.7023011352228841
0.7933468237711704
0.18255247351931644
0.42985578436870553
0.5670308816164422
0.09830689289315599
0.5162194518191561
0.5994484009910442
0.26594595885836014
0.377272988075654
0.6128426434678687
0.1256585115620097
0.518313406651303
0.6511365147429722
0.29433109788541034
0.41302104839999526
0.5900325490236833
0.2629496278060503
0.3541521040893365
0.5984443520381267
0.2314859512002328
0.5762530631340481
0.7191964443642842
0.33999415246123554
0.5678891790540674
0.7147858142644528
0.12879984296444252
0.7778148848141615
0.8196302135356812
0.2550071251497341
0.6440233720125137
0.2811514287306129
0.2996697900204642
0.6663883811956981
0.3857344610277421
0.0981544392126733
0.8049008922174739
0.7073770843087611
0.5531124061944979
0.7924993291019938
0.7542858716704057
0.37883961813732586
0.7385401423703901
0.7376383542428162
0.3852819030809479
0.48301487070599647
0.218518228509186
0.04987004824670847
0.5892816389956506
0.3033053589633595
0.3402775563770424
0.5877261468782374
0.3657454823611763
0.14813469087380782
0.7571026377858452
0.7134561000798922
0.5346186580853044
0.45943593555004647
0.5666964546387694
0.39548891298159194
0.6972209612543924
0.5121787039708585
0.3558011082102229
0.4880193433020513
0.4236142507683292
0.3034013712067778
0.8464485356455045
0.7464477074445202
0.6510008827703617
0.7708230175643072
0.5950248373669142
0.5978504769370678
0.8860395863801518
0.7070540513341943
0.7107617313090395
0.3134454724402672
0.5955281129506061
-0.07386815000035545
0.14941181629313008
0.37426904591533555
-0.17614441970239544
0.3425640292730768
0.7856609591146103
0.1583982630557795
0.10271190117933868
0.7088194978762232
0.1376134182823307
0.42893199286519235
0.6062479209128976
0.19483825460789034
0.2393463206856934
0.34431041074225777
0.19028268111634422
0.27838169960063
0.46634590106951135
0.39906103737170967
0.37604271487560414
0.42378698577636875
0.22182067065091532
0.5230494865214843
0.5647550106577267
0.45873791496561334
0.383446194934935
0.47208553544230913
0.28762516912429853
0.426379193087467
0.5007629042806754
0.11619805590151003
0.4319767216047048
0.7270366798752239
0.33762181061227087
0.39543255160797647
0.8326795433877867
0.37514944905580083
0.27115599792684697
0.7228751938902719
0.35745562563901717
0.5229178938863701
0.6908700278510631
0.2999870865427494
0.6747310151653099
0.9463432971750129
0.4889886111226475
0.44176487258193736
0.8046241763534079
0.4515064342937214
0.3007692220879265
0.6709309535855551
0.26610301872637687
0.060870030409878914
0.3904902089479061
-0.2587019707574092
0.14672443205669675
0.2751764105195678
-0.01712633757532068
0.24841398628687744
0.36454301965856295
0.08922011966433949
0.44676203661333297
0.3983055691958238
0.1738423989645051
0.42682565735552946
0.6281576846334294
0.288341096465477
-0.10865913054236322
0.5730146059224711
-0.09230374315419632
0.27791185359892556
0.8336651394390648
0.15373286434893796
0.12062743397100065
0.7496169337014709
0.3075475433905999
0.1413414135574429
0.5101795707870573
0.14424919945159337
0.16396293432465692
0.5695785307867689
0.11597222812870388
0.010757360327366865
0.674086550190364
0.036065959863927397
0.01964658925605382
0.7596254800052347
0.06447399290861856
0.07831161546980411
0.8596364375923151
0.007907133811368951
0.14409929306838268
0.8108126459584362
0.03963451186248863
0.1925875586342146
0.31126669957914715
0.052717222883904666
0.34149087687713425
0.5157458256858425
0.09759303967633041
0.1710037390006526
0.7691075641604422
0.03212219696297407
0.22129508396821068
0.790212562889033
0.08080430236892246
0.29518877666413834
0.8212424673123021
0.12243931802776864
0.18568820033599803
0.7656988421924408
-0.04306488259431593
0.32458996459592643
0.7591747470033888
0.09403356685910039
0.6218683394173664
0.89415178309624
0.30626743445907556
0.5310833790327419
0.7327074856458777
0.13429068246014897
0.4776450272253425
0.8597682355067625
0.11735967139470041
0.49480481412284455
0.6946569836011365
0.013440158630566204
0.5861210412322545
0.6583651343271923
0.14757220297210905
0.45022802422597913
0.6440208916530181
0.18738808954239328
0.45270803481031097
0.7014323811784005
0.13317934433219933
0.5929625855775562
0.6138164650236922
0.36028616161212146
0.5735288712372386
0.6823593333882171
0.26188737237979787
0.4103636014041606
0.769585464063461
0.15822344188267648
0.5234358154714314
0.9090931971134404
0.24576717977758267
0.44014692628758206
0.7351139215619968
0.17264947327024305
0.4475427203322342
0.6877833519559727
0.17343626904897133
0.4275486349168362
0.5850089714499178
0.2747284712486255
0.41066676257045875
0.6079796480102344
0.22091821751108065
0.37752277857865657
0.6939833033305854
0.20595174463706095
0.17850559968677937
0.6145155431741187
0.08908083329787647
0.15342468207278898
0.6278691773599963
0.020184566526400886
0.3590848825566201
0.5987205064486106
0.11569861317512065
0.3742014929951958
0.7422129039238585
0.21254636034616325
0.3777675795883729
0.5596225530165075
0.18839256749684313
0.3331677795296708
0.8010374651478832
0.10869756092615289
-0.13399175744534192
0.3692243399201053
0.39374936785928666
0.04051085121852001
0.48348823502669724
0.38188996498547034
0.03911117790810223
0.3148736793609638
0.20521949267893602
0.057027279039154735
0.4532107404043775
0.400726662534731
0.06660736829903875
0.3660153688584133
0.07805349867992861
0.13768380711036818
0.6527010015216839
0.41845087305016065
0.1763058409042237
0.6081305533479571
0.2609140845274316
0.22523872594358535
0.6398777997905288
0.49682078960408593
0.26302004609420093
0.8644797041404603
0.4653555608607981
0.2698111906541314
0.9241183013959852
0.4803489441525398
0.23984232466484345
0.8067967556725641
0.4354852429059436
0.12990460073519158
0.7286456935599274
0.3657623261049936
0.10767964526002866
0.9100278361625378
0.5466141354825254
0.044179644308570014
0.44512738106637917
0.15798503980068396
0.05558964843664598
0.6138269777325395
0.15166332669922414
0.09492234611355346
0.4316243415344621
0.3627850548391955
0.1415989937255788
0.4111802703073649
0.2455560170290219
0.06880881919098936
0.6771411093803135
0.38552893662934895
0.04465976168762949
0.5440306065028837
0.09252933872876859
-0.07137942563393344
0.7145922225823018
0.25806784296201923
0.35467042023090856
0.524716838367023
0.14005593318655363
0.17091062566931156
0.570087683299615
0.3669479423515368
0.03907454622085284
0.45622711120454534
0.2781868972200974
0.24285129278626721
0.5658041041107262
0.4377387318359876
0.06215117830341163
0.13858396562854242
0.12115801230174
0.20363823919296073
0.5506624977046991
0.4116116642831191
0.3257770792903899
0.573003866115429
0.5008409041728825
0.05565580038660938
0.0791970079563048
0.3806170011576025
0.19587109390650723
0.3351427839319937
0.43137793154816806
0.2107852692077806
0.4073015583271692
0.3448836854027563
0.39844746203318016
0.5589803794696457
0.44305442813651474
0.33989485404074593
0.5565278446685932
0.4361678371560968
0.24743186991553479
0.7174739138618591
0.47538519000174184
0.4302209626655683
0.7680769882968994
0.5690739232489437
0.3657214377374445
0.67926898538456
0.5314843993796575
0.35105644195696517
0.7693183495979314
0.7004018348770467
0.06684848907335827
0.39705727052473316
0.3921663749375744
0.4247119252699927
0.5663404276025461
0.3430132380426573
0.3596079423311398
0.3364950100882772
0.38552730189793516
0.212823227912748
0.37686994873368074
0.3585017059152864
0.10439353341305993
0.5703731292765526
0.6662516376710161
0.10505181035670276
0.7215124579496692
0.167412392202146
0.30408782584282584
0.6938300069844276
0.1345967238574381
0.26810212850294823
0.7298570005284692
0.2878377037814439
0.45563644599415665
0.8257846594190938
0.4400756162181494
0.327946895948932
0.5140870072084
0.36103818733034343
0.2738492744210066
0.7011586664167219
0.2875338200677069
0.5724334608098316
0.7496216766792672
0.5438991179531567
0.7073210033199222
0.9587852668960344
0.24878453337252104
0.5340917332825916
0.8006831436786874
0.26353436596137125
0.24430304549293352
0.8867543503920874
0.4458224579751798
0.14725276817877336
0.4845682143642641
0.10092458028071014
0.2608538018021229
0.6166996557370177
0.3207793367414062
0.26217372122503496
0.15866376063068255
0.5399915827314856
0.18409710835083523
0.13932549289907364
0.5480633242404332
0.09968416001606753
-0.12567099700498519
0.533354383968817
0.3516988364647399
0.6642945099151394
0.47463631319714883
-0.09219051932785383
0.24127733308533775
0.6743433907739302
-0.018192194230247167
-0.07350371497729155
0.5013959671277592
0.03888789488887252
0.11729726587657704
-0.022861385613700755
0.28754906694412874
0.40436846382222136
0.08857783404007188
0.2976194931591595
0.8677704353971505
0.23836367536755326
0.3157112866100188
0.23134749273379773
0.3033085997769059
0.2701356986107499
0.4179345207665733
0.2872282525910895
0.3703340236379203
0.5930211985542723
0.4310532689508602
0.32412800638570216
0.32555922781604135
0.3288626292087566
0.4591786223298884
0.45820045275156496
0.4537482107389508
0.9184372944179686
0.6303545594706964
0.7720753475200017
0.8414481456873184
0.7236468279594455
0.6549191108489768
0.5435804589364109
0.6379575193676166
0.6399262780671164
0.5681811041363867
0.45826399672900653
0.6347395849139083
0.5059690395310483
0.535016899624325
0.39077128012206763
0.6753770981940266
0.8002180322077239
0.656968476946144
0.5787348951590839
0.5798614305603507
0.4649637009279146
0.7604823930752931
0.8255655686742016
0.8259795649485822
0.667466692171775
0.8491560872231194
0.7592200625115428
0.8413015211759833
0.79162860384578
0.8000391164501911
0.14355519486393414
0.43516947736136313
0.2509354292941456
0.07903125464392065
0.2018820772639878
0.04981125436879057
0.30761959004068035
0.45460167477434915
0.2932761729966532
0.29824775087415645
0.2921460412443602
0.2969641668387024
0.08158874023235026
0.4043991337055576
0.11668065632167172
0.08896088785137612
0.324333274581509
0.07261582160911684
0.13178024393151722
0.47859545371719814
0.16457442011405443
0.22274818314072226
0.46714226600357334
0.12043911500284149
0.09658020007579188
0.29968725370361005
0.04111316485340121
0.12758977104784172
0.3920606377687509
0.2041145362585606
0.2647916192837015
0.4811437487403756
0.25697511916057597
0.2032357277363228
0.4297239357618759
0.23084553035972027
0.1994493940383224
0.44047003724218925
0.31935563423864816
0.17947815472440276
0.5195129982593658
0.3594688475650229
0.29118018353382225
0.5933869425611913
0.25487613112711993
0.24420118343305325
0.6077019502497594
0.30752197480967314
0.07819309710474395
0.5319691439364167
0.11655295811991882
-0.0342771271748156
0.6648479353182573
0.15479197750187157
0.12556205154635786
0.31994882868662866
0.09311047440531858
0.23056989389309268
0.44289466820910606
0.09911260560373832
0.2350798957181579
0.4843491947251132
0.19151604597251537
0.19884267974039224
0.45725396204407653
0.26279726346228094
0.20890308068635938
0.3345369531134146
0.07520715151720969
0.11865953553776472
0.259658785427263
0.20962369779058618
0.24014822229436505
0.54482984426383
0.250628569792153
0.16119758085635053
0.3655507415132726
0.09870506260572162
0.381430315291441
0.5557943217281847
0.29686146142943637
0.5055831981418942
0.43323164320890956
0.30937240503372354
0.29184349533830123
0.5968324832778628
0.3267498186566165
0.36565350571016597
0.6169304752235643
0.18071982012116325
0.5370975876602264
0.700396897452065
0.3763627167096172
0.4256583345387034
0.5382711234281456
0.45261789759080245
0.5441826163018921
0.6109711010305646
0.5878131073143349
0.3330359137167383
0.7360572235907664
0.20277104928261097
0.3805093640384619
0.8620627542736135
0.23773877283895845
0.38060361590465985
0.8125410509111612
0.30172357499066743
0.13035736039833704
0.550149210036775
0.16165824924910657
0.2226202735249173
0.7295141037112038
0.24763308905448222
0.13505287728562998
0.5985067195677349
0.2832540250334542
0.2474429572970748
0.7162965059526479
0.24520600174696922
0.1459176092007281
0.6235595368513709
0.13491574051914598
0.22090056220397458
0.7169352549154263
0.23857838208113513
0.49133096295653333
0.5567360134243489
0.35447059565284744
0.4175207522843565
0.6897299047103299
0.31875570067537395
0.35046204420048105
0.6920396730771918
0.3487088819635986
0.4470292882003726
0.7598861174502096
0.442109769852818
0.4420997407935845
0.7916875900796787
0.3882549648940248
0.39802570417670224
0.7244029980934421
0.2769769394944413
0.48586471316506186
0.7589615771406195
0.36203694226079447
0.4813776470031875
0.6634981829896534
0.41736995842419805
0.4919240061213337
0.7610310632997501
0.35542876574089477
0.4308644918927407
0.7952678707457232
0.4352462243533436
0.4679202396437686
0.7333629342932959
0.40506617579279913
0.48795780686656054
0.6688627422030208
0.39439573588116994
0.1218292136558867
0.7672628856471528
0.5008243187222639
0.14059833163522717
0.7257240826922184
0.13882119066324292
0.26726724301561733
0.8052444030044965
0.38770181983850227
0.15154111731319075
0.6961737649487545
0.31219594641993365
0.1621940812287317
0.8124159766628923
0.3760879020043928
0.3192035996751266
0.6375129113261712
0.3953271092245527
0.31204706858520426
0.8117269889967325
0.5404197990247861
0.3648848422091414
0.8545607547363105
0.5647654869539056
0.38734141422890933
0.7721212329781822
0.5812197041039373
0.4855778874966437
0.8264823411300976
0.5127721291142724
0.34277210194373586
0.7493298730540772
0.5331631890268969
0.35136202684832313
0.7097224827494495
0.46093785017331873
0.33683179031447974
0.6766753209944412
0.33280995434843497
0.37212388227535975
0.876774978761633
0.4249560064839318
0.3005399109074719
0.696833984550209
0.3015027714704763
0.37337161366172544
0.6435373616791707
0.2592293613657464
0.5810327322828315
0.7247619101800417
0.555467944867533
0.45753821765373964
0.7761064882044237
0.5145256833765233
0.39741075737661147
0.694453769156299
0.5226227961280705
0.4469099594736251
0.674684653508018
0.5026838347255111
0.44826203674368265
0.7774176831082603
0.5699834480528875
0.5038806691471238
0.8278938972607429
0.5394336245455695
0.7003626215259899
0.7804680498781742
0.6176939772281325
0.4165749849272232
0.7161621626357306
0.45965698198638716
0.3758642559636484
0.6234443896026711
0.12588480552332543
0.2948505796996221
0.6575749036734957
0.06622100890957389
0.28677199335656245
0.6640790532859983
0.2563846959795501
0.20449269110834184
0.5019467655945297
0.2020849550181729
0.45036201570386003
0.7252941452283665
0.33889717032908084
0.39645969225492544
0.6248191279074922
0.39902577775316384
0.28989904299553104
0.4397908017568345
0.3192214751359701
0.42029066486577704
0.6421282664411432
0.3636975749666149
0.44692697635193024
0.6868655552345393
0.3544790599805891
0.351470682654009
0.595848327848929
0.29304810906597833
0.3417844737875084
0.459965793889934
0.22116305346261367
0.41780841401628843
0.5646932987562756
0.3589882768619891
0.46282795455598646
0.6024919496161646
0.3800937599280314
0.2793893169945724
0.503006392575357
0.2666987428224701
0.2812238012604469
0.45769734008048246
0.31497150126256707
0.18784082514266587
0.3583277200579457
0.2777294501265115
0.010061185298822922
0.47397698492824325
0.03066839041974135
0.30251720625480405
0.5291254661513578
0.3527041764505333
0.33859791409167
0.5604224008988656
0.36674530741709904
0.25459926364450075
0.5424634479547914
0.3339133340271535
0.16092676505189918
0.47219115286468727
0.25786586913937193
0.20878806581119197
0.37887837697169197
0.26733599996649077
0.2482052637342445
0.42874269554066513
0.250124288670227
0.07556067790539107
0.2660352582711184
0.1590415816096755
0.20548820213954672
0.4389588363193416
0.4052875668150614
0.21231939157824448
0.5510712668000243
0.4247510196888005
0.06820595847891442
0.6153264353539295
0.398751341587966
0.17190896284127036
0.717521404188393
0.4248462363012059
0.1700556947004786
0.689803567447122
0.5331336097558262
0.335430256080457
0.7915925576375813
0.5722802191495014
0.19862895843067774
0.6732944473040436
0.5251678278611923
0.08134444251008265
0.5229475147772357
0.2669199116175045
0.14939970179374507
0.5921477782128858
0.42683466716307633
0.12338752161664736
0.5990497593092452
0.37432210000682165
0.09103275153444018
0.5316462475980598
0.4143289667693614
0.12235834071796908
0.7189018696699712
0.32703168527408677
0.1793450039099519
0.6136968668795939
0.34598005883429994
0.2982219710402426
0.7219509942753966
0.4698234222902669
0.15796049268212492
0.7017976407062605
0.4562350046172003
0.23821236960729614
0.5362105275673866
0.3678914966278174
0.1936434295278862
0.5380300655446488
0.3836832211988803
0.10927989610465297
0.4089185550213166
0.2274026986402195
0.21245964770485962
0.5247775282033208
0.2374460264655106
0.19694375576019918
0.6859769087584973
0.3219595406518104
0.3797670163766351
0.6814893967964734
0.44420831030574925
0.34747804004438276
0.7442409225781179
0.43250422021653795
0.35212977183567434
0.6769853868746591
0.38015856447297136
0.24265753010959557
0.6824357637071189
0.410654112581777
0.2592592298672243
0.7871603999639816
0.37986469363997494
0.20335139286433115
0.6819364999064685
0.680827522464855
0.23038628602692754
0.5687424392809644
0.48430823960196495
0.37804295050675324
0.6200199951527027
0.4973749103429948
0.2832250034177894
0.39902750086532834
0.12722546909397184
0.038471830342954996
0.2774954226968789
0.11283754809485658
0.06294697215141168
0.2388585393371915
0.09608649914051984
0.2684763306790634
0.8107674845769481
0.34442654614430485
0.15381611921319915
0.6896476874666977
0.3266631590999457
0.10676676456119832
0.5832265469397011
0.25517278465999677
0.11253820570095854
0.5190830114078542
0.2591681113703843
0.300121813148975
0.7097005909548558
0.39517740504156557
0.23863533374866436
0.7179332151547935
0.3940455676848358
0.21549151342235656
0.7313062344390039
0.47404749165983595
0.21566440271422688
0.6342944379146116
0.40611532470578715
0.09735961363787135
0.40501191739416265
0.13109842217156925
0.1278767727121657
0.5502470049200097
0.14705687975657736
0.16078288928212514
0.5237471046133724
0.1564454073327271
0.3709627823093907
0.6918167258534764
0.25413727107989914
0.4116462963966505
0.6870529825398195
0.28360405181917514
0.402079005179806
0.14230401706285242
0.13717174483939965
0.3089827223712732
0.21197804753516475
-0.01451130721106228
0.02535170805239913
0.5321247683602089
0.07031694143569693
0.0029418027952544494
0.3434609911109884
-0.07171746426526586
0.08174008024393081
0.29459920998247635
0.06256592155180764
0.0523265539283039
0.3988441477433
0.0002145262019717254
0.02804012696640935
0.36771233519303936
0.10760441593148339
0.018466663184118357
0.6056358396084968
0.025187065061211707
0.08551217381676703
0.6202949428257999
0.009646942860523719
0.13907959520711782
0.5682424871996833
0.12062136095975544
0.051795702721654215
0.29503226484976824
0.05291744435623966
0.11038618930532923
0.24861366541592356
0.10377614049742664
0.03383834426021664
0.18395617351767207
0.05580819965835303
0.17712995437792567
0.35757554054216967
0.08401946790478913
0.15765771167246453
0.2903738260652255
-0.048215549257677404
-0.015393574440178387
0.1616585414625737
-0.1273052923320036
-0.011224416348309688
0.27934303107351444
-0.11932701215131308
0.013340219086766029
0.2031324760765843
-0.0715280250311084
0.004650107638871838
0.21419082691316893
-0.07353751215784496
-0.010346387252068052
0.30626784278933605
-0.06914241533517554
0.0963060540001811
0.34986527437962317
0.03843765222648586
0.07381123478623464
0.36622962756765426
-0.045945923290642066
-0.03108958075676295
0.27787383477064936
-0.02133674529339931
0.3705573012351086
0.5330044496028837
0.18431527380763227
-0.08112362465771861
0.25304891410099767
-0.0753345166637928
0.032771771774423905
0.19955995582023092
0.04156169631829129
-0.016136519836919237
0.2506118855983215
0.27006298615340085
0.04367906276299573
0.12301491710270271
0.09119244976699536
-0.1751066087285783
0.12727239755634712
-0.11437931665345594
0.04033958509513844
0.14722272322450394
-0.20737151487541539
-0.07903937469742343
0.01843216258130974
-0.015521698427204217
-0.07268192461854732
0.007649645252772494
0.002928926738344634
0.016581870296928283
0.1170469989240781
-0.0017066247883776725
-0.10534467413426585
0.2116815588892731
-0.04183813760319076
0.08952335939438194
0.3795185413951082
0.22328315991919387
0.09360683037227674
0.4080310130194138
0.2759529573365984
-0.08298068154663829
0.2032296386931586
0.04896294406694407
-0.050718718417340825
0.11263392177386214
0.10661264878936505
0.05354045022582826
0.22667147216910621
0.11969863709104513
0.2756547014897271
0.24546836297456265
0.33324668741309144
0.1099790297985326
0.41767180303664864
0.10582658035718102
0.0064833627039922025
0.6306033196225493
0.15474683127820693
0.016885678229821333
0.5368833805009448
0.13287662277876883
0.04030263765908432
0.569923493885194
0.15275903270522792
0.0062472855605917865
0.4439450425613105
0.14232749560108637
0.029374356026475285
0.4699872103989597
0.1685436516507665
0.11717379907959052
0.5317217341499032
0.1445600082995117
0.020020917074652214
0.6558827782760022
0.2847302175933938
-0.006299171602395095
0.6573062474560651
0.28162717454651465
0.12142311445299184
0.40104558257425343
0.29855142652369326
-0.0060840573474359935
0.40140485203275267
0.28519659958663596
-0.0016601203078512698
0.3912477599589934
0.2404921221222588
0.13910491601346667
0.521064766138088
0.3078583506127336
0.1948279305579215
0.6550632992290657
0.4622210045346035
0.23644445451300072
0.6184709060241456
0.4774432151298288
0.21130256723039698
0.5328097913626628
0.38601417298318674
0.05760639846117167
0.3124530236458374
0.16218836136400808
0.008341960189958732
0.3162079199754798
0.12915303759606908
0.010155473157598342
0.1936018417145546
0.17269938346810254
0.020880082642933073
0.3466330577590798
0.19872505169225924
0.11875201166137936
0.45267686019163456
0.2575107264333447
-0.05478724699252887
0.578795548916365
0.3239049869796541
0.11738255276461118
0.5858780591661671
0.3966544631317577
-0.22070311016102873
0.32572394102435975
0.15954979710271194
-0.24177990298319707
0.3478597301999296
0.147583639245649
0.09306102764069644
0.5796023266775158
0.3184322479858561
0.05704157324417665
0.6037836660045611
0.3001297893789105
0.09789458833971307
0.5040014420655189
0.35755720242079014
0.015179566625048635
0.4504134364215783
0.24102217507703647
-0.04418617537581988
0.4046273850746125
0.18704200374662788
0.03669070265758646
0.5512649692940395
0.16920184683599215
0.014815934481877452
0.463388938641213
0.11397026102565573
-0.12724524050875174
0.11818635298639854
0.09321212150776187
0.11644257128933452
0.21348623206616468
0.24624677472399534
-0.05857905801069327
0.24603293531286846
0.09695723252839945
0.009165401673474214
0.19390335402955994
0.10029128675341575
0.12193346617556033
0.10578079441767167
0.06585920189521868
0.09768153983720268
0.3455474343788029
0.22707897369887015
0.12070533370683412
0.4104571391420014
0.1913210354442903
0.10906783679457735
0.3736282081747251
0.08455704634112879
0.16671700003927864
0.444032504143982
0.21328348251148388
0.024542922467284126
0.2471937780619601
0.14353373899728084
0.10687632993878493
0.46280297055187053
0.19616173465379702
0.11509708482687474
0.4605988113714394
0.23043447409074247
0.21970232384464228
0.4631979857600762
0.36879733955711497
0.05643301354559554
0.4228294753879184
0.2865480035707628
0.07106552158076808
0.2976874095884118
0.29890950825824725
0.02430665038827225
-0.004339771747104545
0.1140566627618884
0.02526278328477364
0.12048487150296858
0.17440928395524757
0.034020458811764576
0.18083322789297257
0.21114464471165736
0.0915309835485887
0.24968072728872504
0.2080852626145276
-0.007636651209081314
0.20631524876126658
0.2925828191085456
0.18459860500880063
0.46037440978326083
0.306671844780517
0.09865932667542665
0.197733470454215
0.10828325237930919
0.18596409126984553
0.6007448527728024
-0.03937550563053132
-0.015745584043220608
0.262031980898035
0.04102259899736557
0.00044980391676675835
0.3876044837779289
0.12506147984048863
0.1838094530863511
0.3597511378792234
0.28082084015129305
0.2954391510864929
0.7142731799093549
0.20774714156998902
0.23992497722152417
0.6687994404550552
0.4153477257917242
0.3858189350477613
0.7876836079938601
0.4160328144517296
0.3613142152495672
0.7374893223642152
0.675489380355403
0.3383086344215911
0.6726991310934133
0.6686270225177058
0.5754386891870462
0.7841431231203524
0.768334450000183
0.5228359092985057
0.8089814332300838
0.7148727896275139
0.5281148369749317
0.8410206084226325
0.577304261977246
0.3278396969637001
0.653322106714845
0.5927447562844544
0.2199825995729748
0.8796978406316344
0.6618889562001979
0.29390981716503783
0.8728916754914586
0.6087100133901676
0.2324240279126506
0.62591165456292
0.5174281358158276
0.4682454785466889
0.9230777421883909
0.7498592101278208
0.36031250685454624
0.7448085589878051
0.5567860304182115
0.439052784293314
0.9133957136137054
0.5466100057312391
0.31142305706046014
0.7742541541631638
0.6708485404755966
0.3249225439118243
0.7300844808135113
0.654274116697512
0.2162474262648813
0.7281214553757351
0.6862315082954367
0.20066943016467487
0.688188432984074
0.6682730312931854
0.2765064250609169
0.7322311433484257
0.5789932297878317
0.27018074500992706
0.7094355655380482
0.6671609781778174
0.40347624477011174
0.6480990461321294
0.7193162738594706
0.2964559285669304
0.5943856858273737
0.6826681321776682
0.4120393486479116
0.6955204708822359
0.7212790851166309
0.3908352484692751
0.6237148457091793
0.7911334807983297
0.3400588976656291
0.7157968551847391
0.4655442287069537
0.2740547694718292
0.6887397379069544
0.5646828925600667
0.23579342014340116
0.6541971230862106
0.6374436235461479
0.21823581865783226
0.7300265496762229
0.5970886272711065
0.32317191285954944
0.6741178748424608
0.7149921791671265
0.1664533200622016
0.5285549398963146
0.544898713343035
0.13942995855519186
0.6098735850475128
0.5805453440109289
0.15346319845947948
0.6741805187940474
0.3331398035872688
0.2518298047501497
0.611649197509381
0.4533444764521054
0.3388545468319032
0.6030712295157913
0.43891505141595727
0.3803187861587081
0.7352148339979149
0.5355164069638618
0.4178572288961176
0.777325595866418
0.5547763169945683
0.2307848181756672
0.42256957996097133
0.3068330473199175
0.3575710634668404
0.6966844610586307
0.5303876278558369
0.4113204604505009
0.756035601278588
0.5788575884843963
0.17753878767307796
0.5530457817201528
0.5658177528302726
0.13342147889301267
0.4859178242799199
0.47572552642236665
0.2024694474610756
0.5945274768964055
0.43724120181479864
0.2519813015556672
0.6078572315611244
0.5355845941645745
0.30499506114197283
0.5635894068937028
0.5917857227432294
0.19090109744849898
0.5403687884663786
0.49661822411484596
0.1933466784204828
0.4688658867816605
0.5276249353724164
0.28494098752382285
0.6154023615739401
0.6030309246419631
0.3282965963223989
0.5830523668201546
0.5504546005143343
0.19646212336127422
0.46227670764451984
0.4575115514875858
0.30410125951715283
0.7157757452453006
0.5367535967363752
0.35469249437293726
0.71511953943328
0.6830654094312423
0.41625659723706143
0.7836204413278669
0.6281195012035914
0.2960899569989458
0.8136320557109691
0.6276212630705744
0.21188720828242302
0.7081311723346609
0.579681854026504
0.18856270158867738
0.7128424527043522
0.5566818053348321
0.2452404056851707
0.6141119223926583
0.5576647001806634
0.24678185247614837
0.6192317866464561
0.5336040084163158
0.018312136981953362
0.4229067708915987
0.4754715157535147
0.06094660408793115
0.5122186496510229
0.43457469315401787
0.24513205067114352
0.49797242795866414
0.5028192610025941
0.047971495303093435
0.5388137871451188
0.4719292927941275
0.14492677323769898
0.5859832061185759
0.423173222413657
0.14675850188708806
0.33589047902281155
0.4784515520042064
0.20787974283990152
0.31003951181709644
0.47471450778503177
0.17937589823730732
0.6068531534087347
0.3361971183699145
0.20114355637790637
0.6668122815349784
0.5363230479222236
0.4160665460448588
0.6613960069237532
0.4757793507018214
0.3279855184520504
0.6286114669396601
0.4870973589189344
0.338839608201738
0.6388924337658457
0.4195486154450592
0.4825472480912836
0.6989133156351883
0.5532000639087851
0.43811628545488596
0.5445165542250797
0.5125720162212044
0.4833001880061545
0.7774299824568693
0.7448023872175557
0.2146512210568594
0.5574628290815942
0.4484591786556671
0.2594357611607151
0.6356802308715983
0.36781796699801506
0.29152369116975546
0.5818212135324701
0.3504754231583975
0.5157274157755172
0.7502762561758664
0.7259443492458628
0.2480518370232357
0.754508788423881
0.7642792109989753
0.44355752967676987
0.7181229461380982
0.8265379412853994
0.4545163835369401
0.7255529655593536
0.7429637835762057
0.2915287629581173
0.40882787223848605
0.4835004690149213
0.386643783144934
0.6013864800131703
0.3921443831215491
0.6980404653722333
0.9013661120212888
0.7044564884736588
0.054035171789893297
0.5806602089829701
0.5308138933101088
0.045126478898149275
0.5849956765145764
0.4157596877104933
0.3634213945062551
0.7591686489116682
0.731197659122808
0.4620908639384043
0.6130663631452797
0.7138649981075806
0.027479249346732494
0.6162669886250216
0.46089692030045404
0.22024977036246754
0.8476035158949129
0.4020819836422155
-0.034316634926754526
0.5995536737822522
0.32343425877865867
0.1761069189455301
0.6590856266639924
0.4043731958224852
0.12790566597774072
0.6474979481599585
0.52389504695844
0.24163428688578045
0.23096885653443142
0.478742697218718
0.12211992072626549
0.21891431554009227
0.5170024679341018
0.19570174382374028
0.09106366091329639
0.6221342161943579
0.100968138535423
0.20091497472943515
0.297073062871547
0.22767069916389035
0.2629698124602545
0.4710912610308938
0.11354391436945929
0.20510325416966352
0.4674540089259065
0.226639997400331
0.39467089334252903
0.3373099363006995
0.1380256662366811
0.2593163184672569
0.4026155009271938
0.22893297829823991
0.44111383742943877
0.43242503244227726
0.37569278835146286
0.5793413716458491
0.3306716508367713
0.3340224605926731
0.18848939775699677
0.20647945085445502
0.16286588395401036
0.16843027186768367
0.3079258653464444
0.15445161921584868
0.5158475086253913
0.361357921665313
-0.0772317132297075
0.29220176825379685
0.49128337939056477
0.36794122527496476
0.3617809346443419
0.3859667192414476
0.40415964963215356
0.26587533525666096
0.33223426473171
0.22970120469596544
0.2466627449820537
0.4163135199153866
0.326205696265473
0.6932277725525863
0.597003142565091
0.5413226438386574
0.5525033630078359
0.41564622567797593
0.5962399763003767
0.680948422477138
0.7341763486161323
0.6103281627651218
0.5940330625128547
0.681032141689877
0.47967715889427676
0.6452340533383507
0.5818913091032988
0.5352135782852695
0.5049283266796789
0.6392985238818887
-0.02931343969821757
0.05937633419600573
0.10620965006531394
0.3539524275696756
0.15125690658856983
0.34731269592213926
0.22275895774502646
0.2559454424902924
0.003983410601840225
0.3856510640202285
0.35642896852249906
0.10531054082128925
0.5123317725467671
0.5614597987836394
0.4289175588285978
0.4115756431608588
0.2154847773050017
0.3234263748076674
0.49916567580591686
0.5530077146162818
0.602789375907997
0.2700593564287045
0.3815281391432145
0.2758653822730307
0.3142546517019438
0.3802186863802128
0.4392064170932091
0.5610141117184475
0.5653596819481026
0.589880192000457
0.5689825198195603
0.2715725475929279
0.39005342911168384
0.40108243929414633
0.2673770609058125
0.30364839738656485
0.4470247088841526
0.2905268987089674
0.3170665683155499
0.5951207659852331
0.5708314949653656
0.41852902919644425
0.5063574682789249
0.593209431196942
0.5276488262222165
0.5976958070152784
0.6796114161620637
0.6133436332351127
0.46024903995663324
0.7598517179279338
0.5696632267503654
0.5643068911987361
0.6853853302484483
0.4915450863855031
0.5074788285474836
0.7040987926521782
0.43116362255634644
