0.2082175744550299
-0.08405442269567612
-0.0017186057241624954
0.076849134939809
-0.1186795084614089
-0.046647573575565884
0.06536973397865244
0.19700312270642453
0.19616654083921736
0.23849408212278622
0.4994265727478866
0.2545576666997885
0.09391339464677596
0.1915340953343334
0.21574147225426782
0.012134894522905157
0.2826294583945328
0.041971267157513946
0.05433508248657405
0.07792073346129356
0.11445227478908258
0.14401612869860864
0.1993175952327806
0.12764552387640846
0.28070197201405933
0.2332775086592935
0.2076518298581985
0.18912898334517766
0.28122588679987304
0.1959261415385439
-0.04377385955502884
0.2768742276333689
0.029431034331907246
0.07579470439302068
0.3060054343780113
0.24461863768427117
0.10144626151557147
0.38903301041461624
0.32558001675734205
0.04076139210953308
0.061620551491556166
0.17450739481254662
0.001648681977980177
0.11121654876456351
0.1341093485019353
0.021333947255373978
0.10263801871801559
0.15423544323621635
0.05973885582306211
0.02053019043667397
0.11946934246236604
0.11004072066232214
0.14860308390700683
0.29047102071317565
0.3571299699454977
0.31384693981262113
0.45969978592266025
0.1020455048370764
0.2624954717833671
0.2391770701960889
0.22470206671511467
0.13954496880053266
0.3032797405752835
0.32690123995562265
0.26189331295961116
0.5613162693761362
0.3340193931023836
0.36579264686832913
0.4693973018970563
-0.026465854714520558
0.23355540610970696
0.1955112175574128
0.03919996180887333
0.3350825931976416
0.24460386870840134
0.12900125964401532
0.4516141344844546
0.335937256107404
-0.16480239160470628
0.1719438162852555
0.2590629936362199
0.21936479001003678
0.3989588796356619
0.5326705053897474
0.13619431005488325
0.3136116564164456
0.41950315864866083
0.16308548852274746
0.4710154859995811
0.5069634678767805
0.14101859364450875
0.3594666431844392
0.4382260248707337
0.1840223099476851
0.4420808967706315
0.3520365939007795
0.16371321516260237
0.30415954827796754
0.3772737134056
0.1220228001879663
0.3253249967663071
0.3166383137943236
0.17032134643621843
0.3339838805599117
0.3705511374683295
0.2390555493667299
0.4443095369191712
0.38698830453933564
0.3870583604681015
0.5237683385292329
0.6958869848590065
0.3225403528193802
0.35370868842904923
0.5055080153584108
0.30948391863869995
0.3649227327628628
0.5295823590738644
0.26151616653625065
0.4420257410597621
0.46267947795966147
0.22751504193491692
0.36013384352679545
0.4434934696501039
0.22168601951839828
0.29515238897377943
0.416275620738376
0.09169567426149736
0.21244540318083333
0.4003594510645616
0.20991905892752563
0.2566259110069313
0.5918708286414004
0.08511374333573361
0.16623294079654544
0.44036893831253227
0.19029053873093255
0.1956605817629784
0.3239527814373857
0.2740422999484969
0.3781797899711915
0.41833901476347296
0.09647445288869265
0.2402415297699045
0.45411602466554224
0.24978764819581029
0.36303692333528126
0.5787216646239746
0.23281774878394834
0.39523038017265555
0.5101907130264911
0.1519554776349284
0.4167946282815175
0.5109756989869831
0.10278600502683716
0.2653244504644373
0.3919032078412481
0.1694223371605166
0.3218969043173982
0.3716935935462278
0.14579966006085315
0.2874607593402317
0.32773793228521175
0.23474927519129382
0.3644389183016253
0.44698842317165377
-0.0069738807455727025
0.17758157878189743
0.15359423273980183
0.16315296804425716
0.5879962753418098
0.4332048427820448
0.17029728363558683
0.33000008225894867
0.24135975638091572
0.30211001994414427
0.4206520368391647
0.5126948944383625
0.07786173174670626
0.13625617923223513
0.40220488122332
-0.10689236001037397
-0.01478054896988859
0.22525873562864068
0.10696542869010121
0.130297058163765
0.2945998915538687
0.22827584051407998
0.3732017127394786
0.4548013050923723
0.24151542059485395
0.3755279148229827
0.4786835794358435
0.2792461597047754
0.3769226616348299
0.5170262928463434
-0.06143090473409693
0.07529698215607876
0.17383798655640315
-0.032739157101271885
0.23776009472821566
0.1706789379342788
0.06348637937893122
0.10775055554840751
0.2674264596333041
0.08180998472083938
0.16765013511189708
0.3001926219433091
0.02623735729616573
0.3357228363429519
0.3630411812885005
0.2710153675258797
0.5294797803738571
0.3759674458034496
0.23107501413046777
0.3932898651488121
0.5971620353117079
0.17349360392135005
0.4087200154987417
0.5969714158830755
0.11394325496501728
0.512488475699676
0.37345577750951897
0.11781280836803301
0.5080978206273805
0.5195811925190703
0.05065614178847728
0.4610733414317477
0.4888138637330317
0.05122153415385955
0.4030857132065926
0.33191137937439297
0.00575648535844956
0.2917530580927224
0.42129498673721844
0.02081449848083721
0.35894681228173564
0.4376727912947733
0.04810917583617054
0.4700547462564084
0.6271148689754016
0.09215940888585936
0.3750231128798073
0.5030892008051526
0.08775522529529026
0.3097204724614302
0.37137038091940366
0.1473127567362991
0.4874660669557874
0.5212424285047692
0.19533394918398345
0.531668670816489
0.4305364660369323
0.32123573119078924
0.7223188384316166
0.6279785046781287
0.22339713026893776
0.5889500638160383
0.4781078457777508
0.26613443495147304
0.5264135490181272
0.4508702316504063
0.28448223725677957
0.6878827776202385
0.6048409961624311
0.27949631643849704
0.635450118933503
0.7195943603991077
0.19903885033956323
0.6086738288394168
0.6391881471631252
0.09374264920673439
0.49040739253568233
0.18524453744437264
0.2995533728134879
0.4127328048412004
0.4706990590562685
0.3540869901392344
0.3784122322551507
0.5918962504890285
0.3959016547476819
0.5122853280443307
0.5215393097740686
0.2677249460813688
0.5894348487726926
0.5660401477492569
0.1567680893914162
0.493210459932638
0.5287954026105413
0.24153185133850588
0.6334173396162958
0.5682378125732406
0.2489354714001461
0.5805211870812109
0.5246256511868108
0.33769582150386573
0.691443864269466
0.6401919312123471
0.2573885351381201
0.4504432609067009
0.47592121476271143
-0.14833550199847256
0.31211517887378826
0.28366789229979567
-0.1311896727059579
0.30789508206059346
0.21568016338776808
0.0835568499830886
0.393032996889525
0.450712828536221
0.056975301693890174
0.5266268129298908
0.32380556138126027
0.09774372677595956
0.6411153724544971
0.5501417561449231
0.23928667320660343
0.6434914480900646
0.6457672823434462
0.07141293736579578
0.6389804587495986
0.5393859322091757
0.1696359443592491
0.7602364660099328
0.708366355064639
0.05267071852404206
0.7089901599829909
0.5453258695069382
0.18000169220178946
0.4373526715684667
0.49610702632801257
0.04692791055761131
0.4812844957689599
0.4647661831249751
0.06481459788189294
0.28067738615354954
0.5985675927627512
0.07340092554211115
0.33737380860255317
0.46527984543131656
0.025196754331306744
0.3743991479407996
0.3525937115561826
0.04455553303670526
0.30325983860319783
0.4476309977146503
0.08211799260999064
0.4116171271750884
0.44076882512118376
0.1322971625849726
0.4162666509475205
0.47995780901053703
-0.0439501314362225
0.27810502368016865
0.453520752218207
0.0601556010663347
0.4778953275515435
0.4483998639387611
0.053908726662799084
0.3962436539418407
0.35409904900587363
0.1304112823299409
0.7607948661789158
0.6469639441695392
0.1120503767913722
0.524736208029028
0.5561462843874947
0.22416262788481386
0.40637630344268594
0.4856365736457686
0.10814988084160698
0.41157497399568665
0.5840437187501811
0.41306477562755806
0.7864224249718343
0.5839981588918363
0.3408619775593269
0.7379377547340229
0.6039285005588613
0.07718720506125104
0.3949255516844877
0.4539663248058431
0.09238424062942363
0.23864546864843206
0.13668389915552248
0.014716481034175062
0.3784635974989825
0.33254447508656443
-0.09861564913811974
0.3144332628468124
0.33455446065736816
-0.06109133374191068
0.22021951577827953
0.19202028987448466
-0.006304006197318555
0.5215329758799132
0.2790569608215072
-0.0014516109377066926
0.6975980891138913
0.403471227231298
0.016247510364112677
0.5190752440863626
0.39747434360397005
0.003572455602314008
0.5258542495944128
0.2633906012406207
0.033089676572966964
0.37893175241137506
0.4101699656558765
0.027923212707413714
0.33911869017134005
0.3819506885255264
0.1875105734792853
0.5196302517665581
0.5123556802537057
0.1544792368749367
0.5405082085407276
0.47018240287330276
0.111218581346179
0.4042491029867692
0.32994759717655475
0.04773792546479887
0.5323575385974586
0.35261134995586796
-0.015050332697835721
0.7629488623862145
0.4268276829456356
0.15317632077837268
0.6062040065174343
0.4637713014033126
0.13000302424006321
0.4449687346612193
0.46545403263344043
0.003760634197147116
0.41494856548748965
0.33236837372863526
0.039974910105990295
0.34593706639936356
0.2903354624054435
0.19794340406597588
0.4388595741402279
0.5054743807740465
0.1544111732732037
0.455584248832384
0.39494448148211625
0.028301635721570545
0.2106023530493928
0.13372432095012518
0.092792514214564
0.26152928448672585
0.30410712402259843
0.20292951372497658
0.41850972522870866
0.3767865176047992
0.2613013093305287
0.4621524375928384
0.3944837010385922
0.20890458440495835
0.3828146201024365
0.31867067485517897
0.03402004069841057
0.3648039066838883
0.24381313338577126
-0.010196196570001917
0.23493971456814153
0.24966194156335222
0.12579932678456954
0.41370103080479936
0.29153487026726593
0.06308627347188053
0.20602830855237386
0.07900358920521137
0.01992018263490466
0.2769909463538571
0.2522622307577138
0.12588356494234243
0.3806291505748282
0.3456706413118037
0.1603759520584292
0.24042511674887002
0.3017332200422027
0.12773153984392546
0.35587692566171947
0.3439565794828879
0.08111794735880747
0.11652486441916682
0.24969004202922584
0.23518886340958528
0.3662286176909306
0.3043832451231983
0.1397344741943338
0.2087691653483198
0.20350021274247887
0.33957397965806146
0.36183642530060384
0.4171610875525404
0.1022275268527056
0.1724849193529707
0.1880243560826398
0.228245183247199
0.3846632537138872
0.3163373679146863
0.09188114577207393
0.39975685693353724
0.3491429802828777
0.23232769821728375
0.3966430886717901
0.41632331477988127
0.19271829650597727
0.3687607297311647
0.316058649532564
0.19349133474408467
0.48608614071333855
0.4395879802642063
0.26978378831380445
0.38291541149224884
0.40810765107626135
0.15661541148351515
0.23664045292173566
0.30743896603638854
0.03398755747089826
0.42184279646935885
0.05677360090608392
-0.02444614327264357
0.4832426659735629
0.36296636352536527
-0.049379413461778654
0.4326610300280613
0.2619625067900301
0.07541598501286076
0.35993516403903014
0.26859648271816083
0.04781303808388516
0.37187855036078155
0.33188678997914534
-0.024846010073278184
0.42267457410837594
0.28600058143017826
0.07412656119750938
0.6290496556461084
0.5924641246278022
0.09811638264167274
0.56104589921267
0.37671252200220773
0.1038605337323536
0.581502892793968
0.3011011519714928
0.045906853123483096
0.60165777094191
0.2061761001960732
0.18948997209514154
0.5757556381660889
0.3061702540079055
0.2645289660835016
0.6301061489686222
0.424917732814632
0.2888491161298058
0.4560796686853881
0.261424741190393
0.5945905096937156
0.7765834315419329
0.6683566675885038
0.09264213005386701
0.5234481339237778
0.33464608402765933
0.1786296478170481
0.6702925332063621
0.3958462938357223
0.04294099059189317
0.6490831130563983
0.3874828049853175
-0.06407692466852641
0.3556806088579246
0.6408564500077579
-0.0475904882531482
0.31924034374682864
0.31397730236502963
0.09064459872826588
0.5077184208914542
0.3722297879314037
0.036865367944849195
0.45126561547830435
0.23377218547393458
-0.030070844043721234
0.49746194310779535
0.4783942047159581
0.00012890307199744456
0.6506086159090436
0.4714570457596118
-0.22332767948702276
0.25438203382747876
0.2984262249666533
-0.46421217564623884
0.2066710049275131
0.1758896761720754
0.1463492253738455
0.4650345200529887
0.4245025032141805
-0.06576735447699575
0.43415026080919783
0.5250977234008621
0.13545096061356854
0.6545021531463089
0.6196996431058339
0.1579046759044791
0.555699071919975
0.42460169222967425
0.15648429083660578
0.5273137805841928
0.6426609853662599
0.3142765619343256
0.6363320114920308
0.7209158532864424
0.20327746288950813
0.10681144565749782
0.37216468819335713
0.23071045399646528
0.2195194153152923
0.266789991775889
-0.07118695039805728
0.006074154892081199
0.22824444610111894
-0.08518496662794216
0.16422886688462707
0.501905939661625
0.23945800680245063
0.4707723640743403
0.4919475287588413
0.1848350180394816
0.4882781532080287
0.6376489950112011
0.15807257327885482
0.5538578344753542
0.6059440265079914
0.13887940766294352
0.6970663740814258
0.6327092136489991
0.10179933215103439
0.4039317796769879
0.6639656293259446
0.18678274804755118
0.616654710099684
0.7639506505245264
0.17212870627703175
0.3915332658912183
0.5615527828985545
0.10107952847292484
0.4712844530044036
0.6424240592533552
0.1337841193055333
0.42280939024471065
0.6549736622303364
0.13453441516909637
0.29150747303570423
0.512389749847719
0.22964492105556128
0.557565742992217
0.6756664727991526
0.11412089503275455
0.44680357314792885
0.6214153307390257
0.05692136543237489
0.5382541837432755
0.6321830714183363
0.13105695636277714
0.48551034997921017
0.5570063465338937
-0.0006131564495763173
0.34729005807456587
0.5474178085849837
0.02357194791029951
0.4060978887683685
0.5518777294433577
0.007529031382713151
0.35421447448364973
0.5448534923988053
0.05406492802690454
0.41487047813426897
0.5083792237041163
-0.04535480793536021
0.3440337944368688
0.44689039251694684
0.04469328441154212
0.5643633937800787
0.5757801157142219
0.240965938455086
0.6184446265263698
0.6081154207938699
0.2751554593844817
0.6727296354025254
0.6262655042172948
0.31823258101688257
0.5335418970829585
0.6540026836772985
0.2805664502977973
0.6765956228789303
0.7429276871973118
0.131588004570468
0.10784159333455227
0.28888963309062043
-0.0027527682307166915
0.019768728773750813
0.1260118191022095
0.045472741251733007
0.1497912142928437
0.22622294063672482
-0.12397497452226765
0.10097345784637494
0.11056229358181559
0.003684000020610919
0.2567453764861392
0.5166135738113403
0.17053642409071618
0.37554262236391145
0.5201400246187895
0.29428346581385695
0.4984974322669793
0.613880916362614
0.16645490831811283
0.3323968554669091
0.6857595917062415
-0.005655960333753174
0.3692436960109633
0.47467759642556184
-0.0030578316225320177
0.29643105734104347
0.34386593943766486
0.05397880018897622
0.27969755011572733
0.3669282879830532
0.1197451571702894
0.2099790249895041
0.4343567285970741
0.1003226882402593
0.336836280136519
0.46898055110046
0.13001579314278186
0.4626148706447305
0.6356045919294648
0.15664467339193489
0.5516226542727365
0.5258756908666116
0.11099461848153253
0.46816924203900256
0.5922751969573805
0.04713201214791757
0.4582046164723814
0.40343244480057205
0.09633999220036056
0.3766827773155409
0.3925405969578717
0.16063923651952888
0.4290535897082759
0.542761476838999
0.26035173968843583
0.3174979845141913
0.48340298647014956
0.25693867490039096
0.3309444641604502
0.4653096823017995
0.28991575365157146
0.48066665166003864
0.5580418137204485
0.2150077657243497
0.544578092707554
0.6225822455899146
0.15438982957382402
0.40277693738033
0.5145506230489825
0.1647834708630222
0.3629697337308984
0.4882667471909908
0.14751793624192044
0.4404018348663984
0.5394708519448406
0.12089316763590013
0.3064611558354292
0.5328006513932534
0.029359358777654235
0.31656120965270673
0.49681177890933625
0.08204870580798002
0.21899956607619056
0.4870868382205115
0.10601875557191147
0.35077905901038353
0.47216732358485203
0.1558523198850167
0.10704009401129652
0.4200639244030959
0.34263159082782646
0.4111582022498712
0.5207020512702325
0.18287545151776272
0.33843922430267426
0.6548775853021878
0.17860420244616082
0.316000649540114
0.4168310190084145
0.23619142728262144
0.40994381241960176
0.5904577046824978
0.024631490339668154
0.24536624994714396
0.35350195128466905
0.09309834119881522
0.4222526820959921
0.4018416516494815
0.10965373529425171
0.3411923584271587
0.3979027294966657
0.003985183872238701
0.28814592002523565
0.42670240697747563
0.10875279051039108
0.4148785739014851
0.45328573573998376
0.16938225248293
0.4571844737252745
0.5025128779303364
0.12357710548441089
0.3156305138464048
0.4646060528933379
0.07340712806645316
0.21874735572140447
0.37721965529851453
-0.035343482320314756
0.2848226861947019
0.3195157437544345
0.1901166079023422
0.5422614946946853
0.5125855898793679
0.00850067190558066
0.3556621289218677
0.3551355134356801
0.05836450765397548
0.5170214735183312
0.48950948125253635
0.11678364779587638
0.2649457085902942
0.37460150000820974
0.25245262831832976
0.3747266801347278
0.6738287701897353
0.16231842018059417
0.41701626132130715
0.5844087401375189
0.10609531412888633
0.35642821863055035
0.6888231955500195
0.10953351600738508
0.40178333787196785
0.6874861952316914
0.030334506176890572
0.2951832637384859
0.5412228381947976
0.010423900083401123
0.31033729133673027
0.5732641294257053
0.14945499937214468
0.3940345751381419
0.5464417417011131
0.10601466699926573
0.4569989527608015
0.6702364144755109
-0.0090253534697943
0.1986463034900424
0.6510577605272732
-0.10056690624421588
0.18784304974298435
0.41674571653419895
0.14350879679388778
0.2912791891251247
0.443799007866973
-0.011973558337500849
0.13179933644178773
0.22222927388006206
-0.04930068727344475
0.23110697430505522
0.3471172588480911
0.055045399242602135
0.22960802841516614
0.3263112489103781
0.04708095453205003
0.3402535635616675
0.35700957525025645
0.030282609581481875
0.22057731653404958
0.3323196685033377
0.05528102374686146
0.20458479967492488
0.38999428165542593
0.03852058371195561
0.29638341055857087
0.4598576729969055
0.04047357502535642
0.32410142467956543
0.4576773457887986
0.04439269113589295
0.3849439140111278
0.5201558284019454
0.1616257321639406
0.20766924935274295
0.40046231973485213
0.10000692762073222
0.14437424015405323
0.3296812294609442
0.10361628587988801
0.27035865949945515
0.3408459979331805
0.17473850395326984
0.3704673986944241
0.484050336130037
0.05345967881413066
0.2771953146169771
0.4013212075451168
0.11959896288927423
0.23073255512262783
0.3744139349492953
0.05930980382524106
0.12357875246898337
0.1794847361226864
-0.06678619273352163
0.11390842453689512
0.29715204415275526
0.07601761755831067
0.17859022029122434
0.38189714367808414
0.07762816675108329
0.16331289492168538
0.37868401245959316
0.020080009979111774
0.16312277965423855
0.43622001317947173
0.03280229363311726
0.21619047248564727
0.49865431328109877
0.02077989316718359
0.17133766050670962
0.3876112981101755
0.021774293264637475
0.1378711009200146
0.34642500863322645
0.09255088940376135
0.18336954884617548
0.5309807458331277
0.02068716435294079
0.3592992018927558
0.4615994767149352
0.08777789725917028
0.3904331217666809
0.4612870138984927
0.01803124566575131
0.25189933613115467
0.3985531188580771
0.022593585139175597
0.18293902681801807
0.3781960441741344
0.07523698507655911
0.2627877792462157
0.4348599800097329
0.025289041146684742
0.2120874505386835
0.35751494110046383
0.03216562748501641
0.3499194974311569
0.5387667889057992
-0.032879006162909605
0.1921650828946821
0.34355363243527415
-0.012661314898277702
0.23194406637365952
0.38010184612956227
-0.10337348891270434
0.17296155903878943
0.36946667662444455
-0.04335065779244281
0.20907372724957382
0.3448909214401694
0.016627294294894127
0.20047535462236513
0.4843110139889945
0.06504160792925055
0.22770242899999976
0.43202685194064094
-0.011011296230112187
0.19456973483832085
0.49486748485954
0.005612911899707203
0.20836504764858144
0.504637351397723
0.04875705643847977
0.21225393011077137
0.46888012635814946
0.07365840357481421
0.3027444813908524
0.5793018290715621
0.13708627355653963
0.3077286147623568
0.5951099291236613
0.11577458017871618
0.3101180704147214
0.6129278708793984
0.15937897481721686
0.22962773385631205
0.4781321305773154
0.110382548275792
0.1079067944200209
0.40738117326429374
0.059005267199852315
0.1823396181125484
0.5305068414999234
0.04237222751929588
0.1590593127911174
0.4148223304443759
0.016917688894490322
0.1593958341102996
0.27776349278568163
0.10925879571583959
0.2086548936763142
0.3468811853853754
-0.01813420611771932
0.1294465046866531
0.40591944733206814
0.07209546542968068
0.2930045290243914
0.6537129716811572
0.10704951747972533
0.33080580933566495
0.5973316924901211
0.10870742841783079
0.08542386237799816
0.39732583742642585
0.2164256166122117
0.12620335523524578
0.46442572008377103
0.1011003327469363
0.0902870704592317
0.3059445555485478
-0.04048362915109877
0.05129080944902249
0.3174194918559486
0.331613411593358
0.4671854623818671
0.4819082080646186
0.0009632272107301526
0.16754728613512027
0.4005107370079162
0.004694997814364151
0.13668545629539
0.32990562533178963
0.11839221791446551
0.23640650257486967
0.360304068105757
0.1843561504482728
0.2926450784742378
0.36435658181072533
0.21017679990979446
0.16842680700148197
0.28905779234658857
0.2663229657293126
0.43120888330168883
0.48595756849043537
0.27661173726779714
0.12100333487623288
0.6099281646947086
0.06543373217619608
0.1186841629815639
0.2924867623026344
0.12173408850774241
0.09520225377915247
0.26357921116818633
0.18960052585910775
0.25309268108929023
0.3233285129367135
0.24984310912763064
0.15971891872861194
0.4239058906780725
0.24373296828889496
0.31618651742956094
0.40821652684667725
0.21044180954989106
0.18862891572926682
0.3426896800156809
0.08628879618731318
0.10970950204684124
0.19850146494382362
0.14199922264342274
0.17666607843790325
0.43705327975361385
0.07373046080084024
0.21226230341827038
0.4130416386991318
0.11432674460291785
0.2704845178040803
0.3406432709771099
0.08272252141657907
0.0643877865062503
0.2963917282472516
0.09280682833043127
0.09978849642481362
0.30568676748750634
0.13937262933321032
0.20889974649004855
0.37736386636145686
0.009369312417594554
0.27863919781518715
0.31237567848324765
0.16110512801738874
0.20152509705689053
0.47769205340991816
0.16963176479416772
0.14268791539939785
0.538739155937289
0.2697302731049678
0.3278935454933082
0.530265125351887
-0.019259917154991195
0.06952627709710137
0.405480133221435
0.03054929649979963
0.06820306818807256
0.340472604439515
0.11612623009634358
0.17323698235492357
0.44870152414089814
0.1796641667529199
0.2900618908962824
0.6010024745989883
0.1311898961473631
0.28055167034547074
0.5951024317428955
0.044873118145860376
0.24075136086767482
0.4281370761518991
0.013951726483925692
0.15672221111495155
0.29512590192864296
-0.07058349667449987
0.2647323060849117
0.2740083600393042
-0.10826944758979613
0.3183119888551018
0.494187184032289
-0.11305520225409843
0.22489251541992228
0.38223860033918455
0.11027948151130343
0.17787406019487348
0.34122395323587795
0.03983420324773653
0.21332192906384267
0.6434394078605568
0.05809788082941738
0.22301684538138
0.6642423830966822
-0.004367799453341467
0.1288637760543779
0.5400331374908931
0.22081853046446642
0.2800923814366786
0.5975447342401097
-0.0936745453096336
0.026091804173322106
0.4901002750892053
-0.10021846085981134
-0.03190609378067506
0.36280404743341943
-0.014825433406809049
0.10660696112632675
0.4265050543022915
-0.06122938609264823
0.061099076071965214
0.483062692910301
-0.006340439750284319
-0.04946158760575216
0.2577685009241686
0.03997601849729354
0.13586178480638192
0.290685505899668
0.0023842577777787796
0.06635984242113248
0.22039610380185082
0.02220185240890403
0.12104860713776633
0.296954771838838
0.049753700769528446
0.18367905863984585
0.4378699224898305
0.06631083622889812
0.2125750760971981
0.4222999584569617
0.014070366787225593
0.15638497550672353
0.43579157250529477
0.03382236764146061
0.18291398121588004
0.38719004371170196
0.056212169802633924
0.21280118818037108
0.43837492181975773
0.006291065463219538
0.24036627820025855
0.49803840418937284
0.00207344465739125
0.23197718729575978
0.49578758725280153
0.09468959857169157
0.238499718516352
0.4345477796779065
0.06038472725879873
0.256056195653004
0.4513208325856903
0.07688205389704159
0.17391973356338963
0.3019055546989019
0.05732358059148699
0.12380667058857564
0.22972973531910995
-0.03617644664270972
-0.022752577197123428
0.24938897412281041
-0.04864641948214621
0.038255137536163684
0.217310654505839
-0.030958798742197577
-0.04293329288965805
0.22148474479965496
0.10489349088117574
0.08612419341567036
0.4557736126633335
-0.02832931604283481
-0.055441789936702755
-0.0465448787281816
-0.049941456334068324
-0.11178643129449974
0.10815050378602878
-0.03292021141650241
0.034221337885741276
0.321853591986774
0.26409365699546355
0.3104671252348729
0.3944617105771804
-0.010660472076131258
0.02047783422132033
0.3470028987040969
-0.04196134581282837
0.025262870155141098
0.34753855983361237
0.05898448196652881
-0.005315814423641166
0.5478782156394912
-0.04699622495994093
0.005361045207479091
0.33458738850587255
0.056798143596562656
0.0523492059178282
0.5603844371267539
-0.07269202722970083
-0.02900078231563928
0.4595611625119852
0.04981022533523067
-0.02195329753762635
0.37192255449149025
-0.028635066892366397
0.016543563203496717
0.26388472946791364
-0.02629603741432994
0.07013474084885438
0.34637348029585247
0.013857483493816734
0.06094886113398422
0.230914734921558
0.1961291334918855
0.16409736745671527
0.41138693107698254
-0.08361020345842059
0.16449869954634916
0.3931101363074722
-0.002264524531824845
0.07155670144705065
0.4186963303920088
-0.07937587901354186
0.06726076842013655
0.38426648732995294
-0.07625692062618056
-0.11280080667208726
0.08400871148403118
-0.047967856688344
0.03564083663838327
0.28624650871752283
-0.0049003509055994335
0.11854787204040629
0.28342873640529237
-0.028818321324599536
0.22197419971814375
0.3271826232387006
0.01472318294288531
0.16101965002185104
0.43658246900277997
0.02234677207747037
0.20467464230680454
0.4902631215617771
0.00934086797192961
0.14129024958526487
0.5447222903477572
-0.012395729911595751
0.1811630767374302
0.5265336041970332
-0.04776085048373555
0.01262878406650541
0.12246954468314093
0.06394519596679674
0.13384055954102875
0.21816281135049037
-0.020834338525586027
0.013087560205903216
0.17675090314220357
0.01649751411897902
-0.0246474306055052
0.17950283670538122
0.1294185532882707
0.017441715153951445
0.25199572107069995
0.02053895247127603
-0.1268463331342893
0.169745499371338
0.0031795137258260314
-0.08049114218533722
0.19705964178322585
0.027507847043479413
-0.0782640381049684
0.19783974729498302
0.07052181319868198
0.16185262083181676
0.5429031733464753
0.02219373998968623
0.2202268644399667
0.6536648497860928
-0.062029042493795226
0.2266623200359848
0.43529336031146193
-0.031122542081200143
0.15207223935504102
0.43886300851122373
-0.010378780889394968
0.19187744839442597
0.5061073959053642
-0.0919120919119616
-0.021287089302404808
0.40590234295512284
-0.07944396155870372
0.07806837131361044
0.34501735513528287
0.06859392801985606
0.003953557062699543
0.3764693522034931
-0.003436029092493559
0.000352626523331661
0.41012067680036024
-0.0097963599441683
0.02701006402370623
0.42981215726117405
-0.014449449883426356
-0.04754389217238833
0.28881213746318507
-0.010024931659814666
0.019613362849112078
0.3762590297971937
0.00032103065930372455
-0.03473840483117244
0.3758360955095488
-0.20338376735192892
-0.22183444548202294
0.1575948717938415
0.09745207278007892
-0.11772922954517065
0.3346075646378338
0.11812806440402263
0.0019079510493074311
0.4791772995024889
0.0020221049207798936
0.17745134017242026
0.35334839680673386
-0.03781768431471581
-0.05357283395047794
0.49703881613724565
-0.0538031819262539
0.1208217144241118
0.4762953049695363
0.11267007809521978
0.027313293911808756
0.3464475462499178
0.22569588777862762
0.15478681298523134
0.5205572427152414
0.2546432462163506
0.1900854016067246
0.6354008220299643
0.08801397946587763
0.42437604668451845
0.7161931033668301
0.03257612286060435
0.48510529045945283
0.54051633465144
-0.058197502759917925
0.6185737096966213
0.7011416801802753
0.12907734729179993
0.5337573101556647
0.6918949500790468
0.1287498505081661
0.5247884630522228
0.667378434391384
-0.0379300901985663
0.5892542992872846
0.6709371470022594
0.04317622764046542
0.4681244786946899
0.6863437561518113
-0.06464027077825832
0.48844214170438427
0.6274728096810802
0.06487204394085108
0.07264997856242561
0.45015774577729084
0.004960354925104726
0.07152069174369649
0.3644800326642973
0.024017021848145765
0.14901347482002464
0.25413127894223636
0.08055132163467463
0.20411452433032426
0.5627014976576867
-0.17910321597577
0.1270399151422279
0.4192678261549597
-0.023337342471158255
0.3926289563131681
0.465410442721182
0.008431520357329268
0.37700035881441085
0.5512724209486066
0.021327201593844117
0.3098738621583752
0.7044630749861387
-0.035948778195061
0.30265824476128933
0.6370795888041036
0.037656517570740594
0.27795449583500886
0.5146758670009091
-0.0354232390551584
0.17837656656654727
0.5389902999643484
-0.13803700573792657
0.11492239636101594
0.3406553931501174
0.014632200663193215
0.21200149393250114
0.4989880814330039
-0.014391238402364986
0.10430669154378865
0.3213052978358266
0.13015331635741004
0.1870301086123544
0.3373695221854134
0.02423583799466469
0.2714165731054871
0.4578178746041267
-0.060656373809699286
0.14937302624069027
0.2721671153031606
-0.002385206395770785
0.2683116814230154
0.36295914004155283
-0.03816881820358944
0.15236349660144893
0.4133388892746085
0.03741999537948669
0.24147490557992107
0.4612651270589355
-0.0658504200708556
0.1894201347159486
0.40149397880508286
0.02781584501715538
0.028829722236516142
0.39276465274693617
0.013388098403864054
0.09579277668002825
0.3545888756789085
-0.05882281637956034
0.3043928167364861
0.5320431217537955
-0.02777546563641492
0.20486753052182605
0.4128635088182866
-0.18918868792479593
0.3507945843151864
0.5626019202071131
-0.022287061085564205
0.2294748254257995
0.2804228893630782
0.15165159073808152
0.10967940762638353
0.39830925975070736
0.3288884198769704
0.4937107763074058
0.35494310483815683
0.15794979333165943
0.1392549984542503
0.11087217457865617
0.3583219585292314
0.15225260468509244
0.18453544477610934
0.1696260468194888
0.27450558610140174
0.2769020182473664
0.1907757486642346
0.2935122054043274
0.33167631013138843
0.2886906578775228
0.5788742615156688
0.44799709549892885
0.4152619447502458
0.5256714902875648
0.46212903266983874
0.6561261143643327
0.617717689169099
0.8287455039974723
0.4626642770477928
0.4386084871689243
0.6464457272876896
0.3878379832417414
0.5380470041081648
0.63900696360198
0.4254714528863064
0.4422253116783983
0.5468392731734383
0.18929752732701122
0.30277516807549876
0.3165596367950981
0.19556939123987088
0.20785416418592106
0.4569883233865466
0.1417469516760214
-0.030915814560395397
0.022317316821382195
0.43050547904487607
-0.050915516000620165
0.0036069535560910027
0.2869689970917881
-0.06223262572888009
0.02130061889772906
0.4242043021349788
0.08201822367869496
0.3485774653864526
0.27499650850597923
0.17678892433196713
0.15132307303938808
0.22768487789441563
0.08944717986529538
0.2506737890181989
0.29468469287884247
0.34733581369044253
0.489101760000733
0.545847900780053
0.6035415770706114
0.7840065901326807
0.1477502227469677
-0.036641574941728705
-0.11927784609097289
0.48883221400466276
0.12305867239821201
-0.006304791138245239
0.03194426447077895
0.026236805631383853
-0.08755573958118293
0.2318094349789246
0.18125064963828408
0.12411040371927815
-0.013496785093043787
0.21375786305652078
0.014106020850479323
0.15918903168017132
0.206143005888773
0.060887410678849854
0.11821553177038964
0.030234794759380845
0.16496987415884629
0.01175711550900859
-0.03632773135062918
0.1469585096289917
0.1631537121630521
0.0710921349664499
0.18539425624114253
0.06223417562778106
0.19720357164462238
0.411008036201557
-0.024056618189014417
0.33111769956745357
0.4682024022757075
-0.07663930416245075
0.2871495620682445
0.308414992471323
-0.08184543751722384
0.3499601568997167
0.38158411533018693
0.1539046325308767
0.2048245476762192
0.31872172446343083
0.008628252669922211
0.04715364748374557
0.20640798812958705
0.16288574351816126
0.13182993050182842
0.3066466314601931
0.0155100570365998
0.23814983833195358
0.3934782293564817
-0.08507554691730569
0.07695145441222437
0.2633364487731663
0.026161831332905776
0.27076118912902336
0.2909548477346197
-0.026702182480599215
0.037484164985183144
0.19503222463575165
0.08576950620859275
0.10088817224667422
0.455965283287453
-0.0056618640825542264
0.24180547978602465
0.07515688362508517
0.07382817777484242
0.3214483726332125
0.2067537874639787
-0.08961701295511537
0.17857216689127017
0.15587111956650657
0.0018853689836509048
0.05896206916611617
0.04199880898736309
0.0332716202781535
0.06626203534987873
0.268572518213048
0.04842214240283888
0.1535153086993034
0.22217853573227553
0.031241380321985243
0.15537555103409623
0.4104758662265807
0.05895131311023815
0.394565543770037
0.34413656032703777
0.011621474544123232
0.2800467125823754
0.30746542041373903
-0.06987972916361984
0.14520171058913703
0.2527218280479809
0.13182721268065642
0.2932807944099074
0.37761369201296013
0.08029243100293901
0.2580868823164753
0.5027359593734837
0.227312106367528
0.2668817571250931
0.35766904604103233
-0.034546802129188904
0.11778450594909962
0.24720170669954689
0.16845810904583822
0.2825950818561209
0.38855432822958386
0.15155247732250854
0.35638018436280305
0.48262933447240847
0.044240867114093904
0.3712935875694938
0.5285140082526429
0.11504848127738085
0.36640357763429865
0.42311244101844714
0.08396811867021822
0.37306913091770694
0.4827174176464464
0.04160480604090838
0.04496200250153269
0.23143086718211026
0.03254940119626703
0.2120504635102639
0.28864040948026837
0.14082150872917348
0.26109434409465426
0.35657147952907065
0.15438173278527917
0.21285701773437432
0.353098643436904
0.06805877552281422
0.2570293676495646
0.31460635573158346
0.0791797159765394
0.28456651637708313
0.27960135433980904
0.12196063574151642
0.2404781832078663
0.2881480650481946
0.12972726370009735
0.23111517376353413
0.37114680380551857
0.09912232038889268
0.2347689247627921
0.32888302801935476
0.06389824650479993
0.20202950025623145
0.33752642482299466
0.09635208691364919
0.21569845119652303
0.493378263963207
0.06940520210890516
0.2232214798928865
0.3860875920418332
0.09398461825458587
0.3941233360122942
0.29563134947229835
0.273261438690081
0.46111329330225037
0.542408033059403
0.23191033357442464
0.3959847440685962
0.48292335963923766
0.14547574123530702
0.33589700191738114
0.29517361763327304
0.17159109443563825
0.4219268011970154
0.5059506107022804
0.05410422114532207
0.4814328963202597
0.37860839873293645
0.04056640849406678
0.28867124891771817
0.3059794836223632
0.09253906785419924
0.290119449708364
0.3654672400757132
0.023274511059824338
0.39889536541199083
0.3611248988138044
0.06846818663438337
0.4012071906763292
0.4339241794638312
0.15215759722879246
0.33175406464888973
0.5263010887667752
0.037186588200307354
0.21249971559465647
0.3613879483168052
0.030161866950392864
0.3200207622466908
0.48289775022745884
0.12940647320924417
0.03435930992337484
0.30282889542739727
0.10976047367923734
-0.004648966740933498
0.31678284101478466
0.006504791655636409
-0.028927528179601297
0.15844258562846006
0.003146974955530533
-0.06278695316339782
0.08322078330379329
0.09958005996840961
-0.03874565743886475
0.036328962865580405
0.5995594533927773
0.11388880563280043
0.5160645586516379
0.3423017848073193
0.07964515824328433
0.34227648532000027
0.5373144684677373
0.20014378495359303
0.5229459209871181
0.18815799435478417
-0.03103110969485367
0.30394264342029625
0.0895500389953488
0.00048850588316042
0.369973985598067
-0.018442098124553392
-0.16219477687611394
0.34052365499038484
0.03802428399229709
-0.09868789098225268
0.28112626538797425
0.04193984185347469
-0.05217729512317955
0.4059933681819745
0.39009435991685987
0.5796914280541994
0.4435670519490831
0.24466323531729403
0.5739666461700198
0.6974148371447799
0.4437776667491489
0.23285383231810167
0.6239556981843559
0.31622868639607754
0.31082633305059004
0.6201946978913829
0.37260584592266777
0.520595009861176
0.6023869696803712
0.3627344016637812
0.3191440186682463
0.49031735620533756
0.495602748229637
0.6729457374735969
0.23487513908063454
0.33019104897120394
0.5486786836227665
0.10200236344939406
0.17340633398088295
0.5530501596443902
0.1593648319237995
0.04528687728183553
0.4733058951241469
-0.0009043217688691971
0.25834061686090976
0.5351779171775315
0.1481249185211905
0.07660763313914509
0.4163399908214567
0.004145155482964732
0.17260438540536388
0.49098664935600805
0.061795131784255636
0.15687570876476473
0.5294428185163624
0.06497018730782599
0.08687038577334776
0.5449865898046931
0.05299805603734167
0.3826134385540161
0.710199959692714
0.44111278147030775
0.11547409265495198
0.5850490536197877
0.18791109290146704
0.15849735877241627
0.6374408615729918
0.37859959239779684
-0.005933852587943312
0.4947397123014198
0.2557184754786176
-0.010919228062741503
0.4304639918484275
0.20862276246600883
0.04129067266771162
0.48918984564162676
0.1809449481600834
-0.0175274768178393
0.4805454291074011
0.3422547634723135
0.11538354737648271
0.5408659834939697
0.14431919865868723
-0.03851621947161538
0.46041105760602985
0.1637328885420478
-0.034242383358738276
0.44214344009200623
0.1274001929280029
0.07755199880821038
0.5136229406151227
0.009610771549947536
0.04206906497145742
0.5164781727131271
0.02324191609106338
0.0707180741363514
0.5905589948379929
0.13280148751294507
-0.05433332752399095
0.49183670997281387
0.09701809359226092
0.39756976213499445
0.08412078177584742
0.4459186516046233
0.16823389781338746
0.08054324897027916
0.05971622909602253
0.42026592662464496
0.25156589172394167
0.19601417175010677
0.26140727846373873
0.021139108601828778
0.010172841185853989
0.10215934058216729
-0.055525415674919365
-0.0020242555013802906
0.3885360033799594
0.0957289767447276
0.15157646158128668
0.41217678033372884
0.09373887645940553
0.09767003118155976
0.2928656967481178
0.030206537955531586
0.03172497284129655
0.3657806678370559
0.08866360575534049
0.11996611791364609
0.27281216301749517
0.07624807934237034
0.0651282207405245
0.19898427874503824
-0.02551570138170761
-0.058674692676865856
0.3319178687173161
0.16413179493561547
0.05193327960850142
0.3409951837746841
0.026210794742850103
-0.012204805548318367
0.35771366064330234
0.011276588264314182
-0.01594396483143733
0.3446540817093475
0.020615296840625602
0.00645225127061373
0.3087877707937462
0.09379712963650957
-0.03465760338725216
0.15460440946284404
-0.13002651774665258
-0.1287629145187111
0.7281434749892401
0.23868212755700668
0.09229614385040871
0.3774766813544913
0.10570262111170461
-0.04972453652791528
0.3586472247426029
-0.07805363231776943
-0.045495521661768734
0.5496615215174673
0.23008869726819542
0.0015112056141807668
0.43675260624411305
0.09174922709019692
-0.06484382226026465
0.5542251951831664
0.16291502935917324
-0.010857931050919381
0.4477413484660031
0.104239128803879
-0.023311427161349596
0.6801976593582093
0.15260776001733597
0.08008802187893743
0.5015059422448104
0.2613513007935115
-0.0317993121374065
0.633752914294902
0.3362942463572661
0.11162662565422973
0.4525700767064761
-0.03964635513905236
-0.02258390003833468
0.4792774777830528
0.2796783224823132
0.3527536799615745
0.6179758686340204
0.24550328250012265
0.2186487430181859
0.584196187295799
0.16599755314616751
0.10175283999251973
0.5642281151019302
0.109367704722652
-0.021567436463138703
0.35923752440571066
0.005359175337276714
0.06124732931754463
0.4080579551418494
0.12568429739540649
0.041744327292330755
0.2173634807463991
0.0458001823723284
-0.052727900070533816
0.3666365394886592
-0.1140614650215773
0.014941127721025502
0.45879572007420766
0.07211673224196935
0.12758266097180526
0.5935899267356483
0.24696609828054983
0.22793688906739262
0.5055833269881223
0.040406470815124405
0.041143189032393016
0.4999215509589944
-0.007540831908561283
0.031065946162703674
0.3554942548703156
0.010849711836883215
-0.01784248336728792
0.6662479363984206
0.4227395405460149
0.30278553552847265
0.6096256069422943
0.5170537581475585
0.31712977721554125
0.6101236249376502
0.2922963091393088
0.2764818940261651
0.7002759072108552
0.18016234307044965
0.1235614750599135
0.4392221355826714
0.18829019727687846
0.18982517862213713
0.5799973252600346
0.266361342064376
0.2300035434261738
0.860492074131771
0.31585683402628095
0.22531787829150873
0.8534045180322546
0.23980914064022446
0.30155734690364056
0.43518343351959865
0.01593148094701948
0.1536224659966084
0.6189834371781175
0.1739970215242509
0.1606359207560814
0.7261164751566185
0.3535477259912887
0.3329375814115137
0.8229108086161265
0.3234763798223398
0.2737889288246165
0.8807347707885593
0.368939208933878
0.3995693231100453
0.3293300645273298
0.21251047234263304
0.12461504784307424
0.32443516048871646
0.12960618723790487
0.12984258240740815
0.404730653609602
0.1723726003461551
0.15203917088802926
0.712684053618597
0.29839160346854166
0.1389688690010868
0.5415436631021127
0.040419902013132454
-0.017134762159691425
0.6097568539837045
0.20227581297583186
0.18277157117529308
0.5219033138115334
0.032265311982024245
0.024475803924073336
0.48790249994757406
-0.023110314704383485
-0.06350073351773207
0.751055776922418
0.26379697713671735
0.19778488015259726
0.6063019114977439
0.07369626870959971
0.07938659717121961
0.5750768860363115
0.13038062483740995
0.102675713343612
0.6144643297549106
0.1206995155069308
0.03174122291144263
0.4231186057339327
0.21713304976657463
0.07193469004062367
0.3409317947855156
-0.05384077162482953
-0.19294914711052763
0.24666997188092676
0.09390546487147652
-0.04356306735504
0.4382980267907478
0.058034390097896904
-0.07377595414558351
0.4438368660684785
0.1791197992735352
0.014944264647440995
0.6157324450752193
0.2700545338251178
0.17321165534435676
0.5936297867124958
0.20163947204770716
0.08353295736044403
0.21797268302323033
0.12598808319689503
-0.03510349269298101
0.27459223209479533
-0.0381703378549456
-0.09466010561087995
0.17225297914029042
0.12319545933616376
-0.19648406397954016
0.29397579638895205
0.2570901472553378
0.06572644076384052
0.09523734588705983
-0.036004845769349036
-0.05131405499561069
0.3430304507690637
0.028993842761785713
0.2073151176800555
0.41751712709491307
0.0866248406919452
0.08560600201861344
0.23216770897914407
0.3741447619947689
0.004211329212369264
0.1299572385886636
0.3377308766056274
0.33572122829046686
0.6194924817260067
0.19003850684449347
0.19242073276701321
0.7834566622409038
0.3555438197607036
0.40072739170345895
0.5496792261640896
0.29237716049314433
0.23037757664278904
0.3876828811453812
0.2226835818476256
0.11932324111941756
0.35488404645856053
0.010836635866987972
0.12119975664050556
0.28438022871733715
-0.03836822027876628
-0.18395848091401612
0.3409906639908829
-0.1564043460481738
-0.12481455338062164
0.5563975670269856
0.06504096334878902
0.0333121566444963
0.3343280215090982
-0.058403794596335774
-0.021949576227860534
0.4224218499159131
0.013942699767824085
0.055639041534244656
0.653265990684718
-0.04241479009418084
0.08370727189883359
0.3669630636866872
0.05228597508330053
-0.01823792284803937
0.6213445978087658
-0.19067676631623182
-0.17061631927652543
0.32283628378968926
-0.05446475200703028
-0.04437438088606724
0.5369407607386918
0.06428967072811902
0.1429537914829214
0.615370268785599
0.07503570077194116
0.04419814217254174
0.2837342690104682
0.19181879342483182
0.015543905775116764
0.7436749608873112
0.2729404364191713
0.05493560012227281
0.8199230214729789
0.2585118079540847
0.36140546877000457
0.7917545227497933
0.09872822559098038
0.21105321380062014
0.5646978812454353
-0.04750116394249363
0.08993895550729634
0.5843695826038844
0.30088985087324677
0.1877123483867566
0.6146426374166312
0.40615993811286855
0.25290163877061583
0.7429442462060849
0.27977028453213026
0.3807180113104897
0.4247893284424298
0.05468275955805884
0.2178025338037878
0.6902303437873686
0.2891313973750863
0.4202748561185635
0.6456438406492537
0.17335415382079727
0.40770941572743324
0.36783035510841156
0.5551630983805642
0.3106623113497558
0.6160490532784704
0.5954176402814115
0.3930066920660089
0.6257294611302379
0.4117180824337341
0.3037655608638046
0.6635055202568485
0.3410295789756489
0.3362158820540456
0.6796258911617252
0.4905130080191552
0.42415613589078627
0.783517709489497
0.3611672920808605
0.4252099175338274
0.8348517860242448
0.477671391523215
0.49821674068298605
0.7883087767811293
0.3037524074395802
0.4018398750682646
0.5482620726191973
0.27013362868254837
0.38537176194733763
0.7712417445342967
0.5754204456334621
0.49782249281129964
0.6260476488636518
0.5847313690311213
0.6243861445886931
0.49439319514975133
0.20029222988382614
0.11067441431001819
0.42390683076282354
0.36718358652085914
0.324758595811233
0.7769121802401416
0.37432523774989257
0.5101519073781275
0.7199325442934028
0.13655130797955686
0.22082173310280684
0.5794391179531848
0.24227999822597768
0.293081124277245
0.6437275442886929
0.22029135277825884
0.19690450961782915
0.5432754223305196
0.27048895815469254
0.3732400874137342
0.5061403717630139
0.12517706842932363
0.32003003649837414
0.5477759060771485
0.38158253134751596
0.3445769234468842
0.7511714457448038
0.4318042251328268
0.43672415774684614
0.278646745464736
-0.05602259061175719
0.16253409040084899
0.5035025803534594
0.10312151562782265
0.24333157717309434
0.19194565861696083
-0.03664196772745277
0.3585549951258833
0.32612085843009
-0.06781260914260367
0.14487456344422656
0.011776727199387556
0.10716308947081289
0.560451058451209
0.2598139469993973
0.3139367257676595
0.15412896575040064
0.07605231033523983
-0.0230705848169164
0.008690311148066891
0.3612358285270823
0.30326991460047725
-0.009095416531761602
0.22928946785158533
0.27300321509987113
0.2865627805955564
0.4047599092955877
0.0958516525066555
0.2713319593854385
0.24868749540622656
0.21543671352996532
0.15772960288865778
0.3696901078685624
0.1684008447437687
0.12049022666616208
0.47166291722648096
0.0033297970519842457
-0.0342614405673156
0.6364839918518026
0.08178174035595903
-0.058679188392438346
0.6414300808281023
0.2669173970203088
0.037573093590517345
0.6967424633876557
0.13052711765074101
0.03858559969098645
-0.10721699376846179
-0.037323038766727226
0.15451069498425088
0.0076004073791414925
0.14048044454773886
0.1806003461537715
0.11575481513783148
0.37074163157022516
0.19800052396801215
0.08428403589508907
0.33802132348726227
0.13235616315692394
0.14081846778782042
0.41834738677491917
0.12632036008943515
-0.003145237756231444
0.2180320342842475
-0.007756804135010808
0.3450482797347124
0.40944381402246605
0.2820576186762884
0.40808956761222775
0.27773615826383324
0.0894810728346453
0.5356731531048498
0.41862683388645244
0.23461033538905804
0.5351716565328767
0.6342301359381939
0.2887458909470634
0.4788362803540283
0.2632559999149072
0.3084458363197506
0.6564996048054268
-0.12337923117879301
0.12055603997487961
0.11692975562641383
-0.05146936687003534
0.07832715518227266
0.3183405687804524
-0.08849328506211906
-0.023621032302227316
0.21965140743770212
0.05457384403257091
0.18958056991567296
0.2721390938997609
-0.11145546131041471
0.15510128072120746
0.1652601772156293
-0.15910805928634306
0.1533269598226738
0.2852392328250859
0.36397320259251364
0.0923009427985601
0.14929602342386797
0.16968003013415245
-0.15306416231466877
0.06010869447098746
-0.09966553142160918
-0.1010506500713862
0.38153562896248283
0.39043830950669245
0.22822917108222174
0.07333740772116676
0.03513178553530676
-0.0058070396053884026
0.11729437277466023
0.06488578757239985
0.05952692586812841
0.056092021449731536
0.20778294501560035
-0.10296688327383578
0.07746422249639259
0.1930743385009364
-0.0056393287858550745
0.06653656787701812
0.14391526439465036
-0.01969295528343843
-0.07317250082565363
0.1460685466999073
-0.1366704472512957
0.044700369677258045
0.17099177287903827
-0.087242426838544
0.04834477837282277
0.10803445678084433
-0.11362946072529578
0.16625006480664123
0.08034527445779677
0.03586270388503606
-0.011499541540769764
0.08511749448725418
-0.01565531406393175
0.025770202035023684
0.02503915331279045
-0.03508931969713755
0.19533423354405874
0.1504440705574814
0.03420659356746846
0.20641577735720207
0.16921055716450578
0.14954883255362914
0.154718409009462
0.0763220596877643
-0.031298704374764674
0.4243842308426269
0.30762858500130946
0.15536894915720878
0.438606971876346
0.13273214264822789
-0.015662648322426025
0.6619463875678226
0.45290482042466995
0.19463371359031278
0.32846347025152983
0.26701509500893816
0.032742693876238654
0.46073869897805053
0.12828082906559912
0.1241353261112669
0.4662752907193162
0.3113843601957284
0.15355559729673157
0.4720158647912218
0.2858463792807976
0.11653806087212115
0.019553902049023478
-0.1459618264724226
-0.06679988324899974
0.13026975230375742
-0.0844667117602646
-0.056707352017649024
-0.0376649866010183
0.0074966970369173165
-0.10068404938397843
0.1659866796589078
0.01991465998684417
-0.0467935654533443
0.1987190549637594
0.08191713652537597
0.019721905049107518
0.16068187878360585
0.007813853620880318
0.05078116560968936
-0.03912053007918331
0.10791321199725606
-0.05010014080086771
0.02446008575914389
0.07691004755659227
-0.13070844308642174
0.03964920520827226
0.08209121710092587
-0.12094760542406252
-0.10354986266465696
0.24022987896545545
-0.03081239503004754
0.27391640689677466
0.13408622440475215
0.26262497280765124
0.2295690719050332
-0.09229581466518821
-0.39731874267308986
0.007223970424162524
0.020165837334822058
-0.23444561904752373
0.012325355320735268
0.23873610675030366
-0.14095904846725743
-0.0902601031182127
0.15617609963552678
-0.08149103950138621
0.6286357800205704
0.3864724649876574
0.27116371349287005
0.5641022807851559
0.39190183741068674
0.3281317401777193
0.421069415051737
0.14197969429790538
0.06656348005282448
0.2821840085780811
0.022429552385292248
-0.04029733426468098
0.4509343769662433
0.1439534420385936
0.07191016283379736
0.6481321519534379
0.22270298067071279
0.21299064500762466
0.6125367472904624
0.2379467849687023
0.17486152466273275
0.7225422687831932
0.39593367305895155
0.2606654554827835
0.5884612610962199
0.4403893626822807
0.2154222026077416
0.5141706776469603
0.026072727615458043
0.02566845868250312
0.600704496390152
0.22410998405613095
0.14158556577600373
0.5439205942549832
0.14709464741271516
0.07124176686161648
0.6833736126229533
0.28859844226511333
0.1607780781315371
0.6373735673823018
0.23683846910413014
0.08213745541612222
0.5141285459644737
0.24867686007369894
0.1812868900527575
0.47320774300311075
0.10325517626627576
0.1325569350797828
0.39316328387838845
0.22278805007992267
0.19905370126384164
0.5431053720432784
0.4319691126328329
0.26127351206652083
0.5937622293328098
0.40275038722089196
0.22279202831745776
0.6425175482344213
0.38932442421363733
0.22317103281105188
0.5621768266968241
0.13911403314761467
0.24279032599700467
0.45875035196585084
0.21219434535752657
0.26433080256887975
0.13585692107284614
0.3290920893001429
0.15965502245055863
0.31927516007374357
0.1464760218796812
0.11626029603971536
0.3131753432275073
0.2451320778691924
0.027116765286145882
0.05800821778305312
-0.055875564885455184
0.019840502045909092
0.1571341287678182
-0.155475805664549
-0.21419467599761027
0.3683084019502493
0.08802693454018075
0.004438347055354078
0.2991157508297314
0.07797447055203503
0.018861354721208312
0.3425959931358885
-0.04996162615313589
-0.15961248830609354
0.5358276985572016
0.26350212282944946
0.0295692466821784
0.4041497051104761
0.09401147845824707
0.04857310134129563
0.352728868321625
0.015325794429227182
0.032599920925095414
0.6678462440000682
0.44650874783974565
0.18878176126131974
0.5108913903071364
0.33324256394017704
0.028066983642499693
0.4957123894044921
0.06933034023256773
0.04117445641501319
0.4313653808034703
0.07903979557667967
0.012724417600221352
0.7341122009374359
0.5238795214734433
0.28406429541380374
0.23067424019065463
0.13980158224782308
0.03680344831842952
0.3847501669172638
0.24581654090827854
0.14218676605736777
0.3921469955577648
0.27767517882112597
-0.07937600491337743
0.24092533226283402
0.011432901257246145
-0.2197501638270304
0.42538080972879433
-0.014128698602718683
-0.06875910165988545
0.3298416153465977
-0.03583722972112982
-0.17230991587736103
0.14273504431057144
0.35311098819036374
0.14988285912774563
0.09001813766437305
0.19320209460257054
-0.04304533070878261
0.28382686837853305
0.11289397087109233
-0.021328185419198238
0.40143895418269304
0.40825386033800654
0.10154661806459497
0.10913048607435478
0.12332837719894915
-0.2371477468214554
0.38250639884536575
0.23359389182087686
-0.07043847033431622
0.17502104234394017
0.0675619382822985
-0.08851918692910025
0.10164105467475279
-0.06773027587186226
-0.2941866488039713
0.4145276965756236
0.38422058589844665
-0.018879966991575497
0.3361446105015707
0.2972108884459244
-0.15736603214343103
0.07922960818644763
0.1451196328891039
0.0796711909864943
0.08003819879152194
0.26656203718575877
0.18379605237064178
0.03080692582323219
0.23889882011278346
0.20481389296221852
0.12925824259929988
0.3139883517052342
0.1813834226391685
-0.019450593224966
0.2981229586839134
0.06790050780743481
-0.03598258134675519
0.24421038179529037
0.059783978323266596
0.13609758237661793
0.260036445583434
0.008745572067277198
-0.0445292518921376
0.23874835849795178
-0.10801148947639068
-0.061766629811432966
0.3061582054197872
-0.036600831467425265
-0.045412608181730235
0.2663779339679162
-0.02227713416086266
0.08106493836289921
0.3486721923538266
-0.0009359220292988399
0.09014477746415828
0.2142126060466264
-0.005140752791439274
0.4030049004370514
0.5148629700075561
0.16242889064795413
0.26213492157450957
0.5704324098842077
0.21858367379677518
0.1948621357677594
0.32225699423737897
0.08022380076371262
0.1310879263249138
0.24690627439830426
0.005247274361192566
0.03034158630602068
0.1024452660240088
-0.16122854156928323
0.07742493073876065
0.26564706291004364
-0.021782984452414323
0.055292342869468145
0.23134880503357455
-0.020532392870528264
0.06358701373678548
0.21315658309204383
-0.03721578008450917
0.03899178577265159
0.31293558297427515
-0.0836041704061408
-0.06607787251807555
0.09195771870873772
-0.14551471327278542
-0.025803172979865834
0.18681459211946322
-0.09877447090280758
-0.02935818506804467
0.10465502538214427
-0.1602671661741772
0.0870655082343343
0.17267610669175196
-0.13996895713264346
0.1746549152378868
0.16502601595977956
-0.008804602566236481
0.1287444321472309
0.28470822564742293
0.019318984287541904
0.19632686253449388
0.2882635233679649
-0.002025482954234781
0.17250213663487018
0.2980378711053133
0.015716348304189186
0.1024060667090881
0.1975331573752409
0.09609137479807464
0.04068109283072799
0.2565562604346964
-0.0005482810257851059
0.00736398037973288
0.16482770462767266
-0.04698279280240118
0.11621600800729
0.17773073898641856
-0.04551033420199582
0.032471253950504854
0.24043145508233582
-0.026106172487118728
0.050547391578434235
0.23353129822581786
-0.0010974944917341075
-0.05958530690958848
0.2938387498013045
-0.05499258688414707
-0.02990503442844909
0.20228369065455948
0.0037178368666549236
-0.012567577496143081
0.2715618672274656
0.012807182501022382
-0.06620637690758821
0.23476071760847728
-0.06352819169025693
-0.02717774322786441
0.2829306396379557
-0.015544549623897468
0.05485809971253083
0.28822961386783597
-0.010966232587421958
0.09146564364738051
0.3468221465307517
0.09874862711770346
-0.04358811759375692
0.0975645127276158
-0.18777234261082554
0.07925166243043233
0.2866117488447534
-0.026490104447680095
0.04016585192643836
0.2490858925294807
-0.14659901008401832
0.07034962515679029
0.22255018034766058
-0.046276015551149886
-0.17062613730522275
0.13454473888026522
-0.1397330601518905
-0.04644564483328943
0.3511858769809386
0.03659448142475191
-0.058162420185579614
0.3036967755133141
-0.06242133232595205
-0.05852933662930096
0.2252018199882725
-0.006831219069632769
0.0026655940383720506
0.2674863379248595
-0.005424396787217118
-0.008631794986835082
0.2969704230064419
0.026032947598280287
-0.04669337433867081
0.24985346482064313
-0.10381902113005712
-0.06501359698702867
0.21320848045368518
-0.015588344012199986
-0.09303899891647506
0.22423209880563866
-0.11569403974657343
-0.026462249584318025
0.2728360360216781
0.027311286663413613
-0.03639183039656736
0.1926043219925583
-0.056984673300001544
0.22403899151504789
0.2414435506348543
0.22796447348197196
0.1949042509313192
0.3585395096616758
0.14965103796981089
0.19383476299221403
0.39563446491090903
0.12548249127242556
0.18704122031589737
0.277387282121554
0.1239804689326813
0.11944154293401721
0.4387939124717239
0.08618588910634295
0.043925936326588116
0.24653329168045973
-0.003734081606908156
-0.005124612923124355
0.1485253317746347
-0.015258272773050597
0.01518549480486231
0.12579423603623294
-0.05066767094770756
0.01737819179241365
0.114941003199694
-0.040368083736294885
0.08530759792376123
0.08650820338973016
-0.03655826895382809
0.04284916269887138
0.09571104981974585
-0.03539029981751393
0.05178611010510376
-0.01487074709037416
-0.0502514893416974
0.23606984616184154
0.22906031536057284
0.12468131240519745
0.1815172071664422
0.2549688223894604
0.07788536948443993
0.26879715123991627
0.14430598702860895
-0.0652789058007651
0.31185500818214473
0.23256543126616971
0.010796365553359406
0.29772600644812675
0.25425824372990413
0.07724882599804742
0.25676587552781016
0.19529438413939695
0.015137540780265222
0.10021447167235711
0.17834762355622397
-0.08860069497238911
0.3137751172261087
0.3655550205331779
0.22629466963512285
0.3206801315549713
0.41561901980755467
0.18403689255030814
0.00922989213017368
0.3071791440136667
0.0638518421834031
0.13478596069105045
0.15552218592155764
0.004919517161044166
0.2665560339164663
0.2662947548134311
0.19131094252796618
0.2963895833766523
0.34292982078273915
0.10830168635432044
0.2616796923170428
-0.021952568662194034
0.018021605137637075
-0.03153723841810887
-0.135569078523259
-0.2288305082786073
0.19354983623114919
0.018712542902621716
-0.06473877684133193
0.05447658794298224
0.08058926306992883
0.008237235151612742
0.15627801312741027
0.18731650332948313
0.01375225832356608
0.19773738029257548
0.048409728611979855
-0.08304636402166114
0.3131380573945732
0.21034957583922878
0.026780060728756404
0.28396080695536563
0.08143896030485319
-0.07067166499787382
0.3289477703913901
0.24357801080336436
-0.07018419053391556
0.4499718745516549
0.46698795056131537
0.1185652108404115
0.5731822000602009
0.2553154374076909
0.14855831617802712
0.4355184556540544
0.1922755801760715
0.039658521268993746
0.2521975356938173
0.3697055174721986
0.1588916119626684
0.2500719467603124
0.23380898485678767
0.0861149580372572
0.39449176980750594
0.3414774799583755
0.1853994896267459
0.4782588323767055
0.4238714619206678
0.2364951076368778
0.2921826040724659
0.33232998449765305
0.02073391796736805
0.29314951567359526
0.29883992732733144
0.0800965695649553
0.18797998091556506
0.27451155962196866
0.054351290115316045
0.4218992289889666
0.37781280955776986
0.23230890707187946
0.42206287105213514
0.4126961530992276
0.21173861736938032
0.32179643585138923
0.4629973968154598
0.14466028633983719
0.41827453928584424
0.4681453352627335
0.15778771716497306
0.4565507867917853
0.314852000366886
0.01767395428424305
0.6437852173729892
0.5274190468598907
0.11140321833617489
0.3830696811574271
0.5131547106162296
0.008979563969309656
0.3670998834430479
0.4255362487188593
0.11319651459928401
0.29472449002262546
0.28710270931541526
0.043782478087215485
0.3694645601585351
0.49954650622893515
-0.022689183844811715
0.1589331164571859
0.35755211491688443
-0.01796236331902232
0.3238904461187559
0.46380770962476975
0.16221815041356744
0.028784079690132695
0.159278486775489
0.04993610919145097
0.2446110355316481
0.3247620223591421
0.10454773909239112
0.1983453530550967
0.1846465189536718
0.07592605482941589
0.14703298563262068
0.15696061536279562
0.029443567190348695
0.2203647255683971
0.24251947304058297
0.10590772987243177
0.24552726836619782
0.25244169299853086
0.14258592682212676
0.1854754277291979
-0.012545491698247643
-0.026033584841898688
0.062130941358219824
0.035940157967514
0.014952016425236218
0.11786861046364727
0.1860989545944521
-0.005584105075863368
0.05226204178194528
0.28323119991492174
0.04136484984706213
0.025638262382341667
0.18862047604275084
0.04340497164767991
0.05661352227150451
0.3130176649113174
0.06755656095124295
0.06669520830780304
0.3074232159828789
0.07833180752314145
0.19585430459506095
0.3221578748826901
0.06801846964960444
0.22638168224158628
0.4438184146358057
0.12498923920306229
0.19325548313590815
0.29671381489603865
0.07325347271856836
0.18763738556635365
0.3436429420246888
0.1435984969741213
0.15255368979365863
0.2688003843812096
0.07009480662110479
0.16846319577999413
0.2379438970028129
0.0690646253542608
0.15936686257407784
0.25086652754987476
0.06843232535380557
0.08281344358164247
0.13561504509553254
0.005156786985666429
0.18146674045050476
0.4163870678222874
0.11956867539303759
0.16479703734015072
0.301358278631533
0.05568463545711912
0.10389497026685661
0.3179713141450714
0.059055475525584086
0.12770590820173566
0.18923774258039555
0.012765726253565875
0.18265563652486333
0.3618848285195946
0.08465945813879781
0.21917177401417737
0.4030611496939561
0.15080859583077705
0.3932464303940217
0.6292731756429905
0.2618877766699508
0.19367038794259095
0.12917367212059785
0.002979016890899952
0.04726867501232781
-0.03074969242431627
0.006875388665829749
0.222376720093748
0.13443552075475768
0.11181988316440183
0.39616006056083886
0.2875453271092119
0.2310377136208306
0.3552193981647035
0.3118015946776288
0.2143538184467043
0.3814961758201194
0.25314415952773245
0.1755915576517729
0.5942270502368483
0.36489308880244475
0.2839566130832958
0.6513137605045553
0.32036420701570756
0.2564375703451503
0.45432514285089226
0.44944045306359587
0.30327987923837524
0.543633038901089
0.4624354644590464
0.2563941155992907
0.4757111556436055
0.39190750784143136
0.24791411257553386
0.45348152316545975
0.2729632774137877
0.1560685908003357
0.4956459919182055
0.2922900514261523
0.18681273981451588
0.5396311521494691
0.41350089891918507
0.26940261855010483
0.5780568537400671
0.3742590411303778
0.28976167378742823
0.5517805755084267
0.4532083455123034
0.3458243335972794
0.4181201048917262
0.40589025343682994
0.26373238359599227
0.5803785386519615
0.2813997159958117
0.0911847525370222
0.592305832726902
0.4036684935555127
0.18866255719818775
0.3743322277874496
0.08360108035196324
0.055492805793016256
0.22601595543049666
0.11907941862831078
0.04731439825622416
0.40153766561559
0.14966635780394177
0.13373532176566416
0.1777787643107839
-0.02556637547276676
-0.1355165654351656
0.42166286183886115
0.20824127518236685
0.09985665253120038
0.3576301833523377
0.18296162642987812
0.052646466285346916
0.36213841716507844
0.20013883864243026
0.05002246163964032
0.14755176575789494
0.12091010441950026
0.061175690617365865
0.37077362971120487
0.32947981839381146
0.17229450488101183
0.3026825606393623
0.22622887513361617
0.1565894943948959
0.2853000979726365
0.23986242532137864
0.15840413367357198
0.3055823726499642
0.15552627309560868
0.07407736083498531
0.18937465070455498
0.18787600091346685
0.07349706109993596
0.2756988982858275
0.29058820410915465
0.12788550507753874
0.15319521231463415
-0.012028360069488816
0.09437909193764854
0.05662311374898884
0.026758362583601036
-0.06151156697598327
0.39997640521241196
0.12324017617742292
0.2008192059915173
0.3512736800331432
0.16288739112641715
0.23980235548064555
0.28824475269211247
0.1725492755953732
0.10583765357460098
0.007237080821689959
-0.03434244833089534
0.02498539197155055
0.33281096915903186
0.2221091122026647
0.018878080533088645
0.2995373364793025
0.14019615748003753
0.07657331256553801
0.17881116233306138
0.34813810683332813
0.23873635058116216
0.2529761933812694
0.31563022523090967
0.29882395446987126
0.3209796339562667
0.18455140843356715
0.033031428388529294
0.24934423416825213
0.1768137670475858
0.06926739842655742
0.4377875250915544
0.3415791367262151
0.20154866777293332
0.4141269169534887
0.4342393443376468
0.438800724546186
0.5283984016718974
0.4907629329239181
0.4575536548603216
0.33539724530834536
0.10858784907824406
0.03675065319037648
0.05374753196788415
-0.09390261756316678
-0.20399747995770906
0.40186364970805594
0.24380706117244502
0.15421274065756757
0.09254843064713164
0.16212688467444886
0.07224995134041357
0.21325190971428146
0.25135357013849324
0.2359726528007805
-0.06179948168383411
0.13664765067965345
0.2807938546957634
0.5690625406616143
0.36254633126293
0.32335728955829673
0.26524945652732507
0.09691994869858826
0.38894677872212524
0.3982166485451982
0.4520819869326219
0.367598447593653
0.17149580134343342
0.12119593636257277
-0.06594222019985425
0.2777190800162986
0.23093767168563245
-0.13302811115942617
0.262292906054609
0.21946488178582757
-0.017746239772745982
0.26615626875322157
0.18342549971058292
-0.09984903620372672
0.3741096368022154
0.17494002663670072
-0.03467766576339226
0.29866553482265157
0.12439355723146506
0.09023997873288109
0.355638287946477
0.38900993038508136
0.15814839535227906
0.25396019882753074
0.32814792909750734
0.26400682157717636
0.2756699956912583
0.13880172671631602
0.062004756102769884
0.07727578869095844
0.2308429022159013
-0.16053712800596134
0.24818334920540214
0.24244474172034844
-0.0017907053625056436
0.12564787480605183
0.5977265635666285
-0.010647206881236873
0.23589486451696862
0.5241801425335343
0.20900093683288584
0.22411098264563706
0.6749939704917363
0.1651700922072324
-0.04760884306613621
0.22358836597691473
0.08429572034631974
0.15282627191891754
0.34335597020682174
0.08013622033290299
0.059340520910370516
0.2683253886324299
0.11702135393446167
0.14728333853898246
0.49156312316153983
0.143753661983374
0.1382204067151468
0.4504829917661225
0.1923637152866182
-0.00167991075295008
0.3063111090050526
0.026620549175222635
0.01673882981306756
0.46386401907549
0.06655336278634817
0.10164436672672703
0.5503721168324511
0.050509761372401964
0.10567787622701283
0.5397251434517556
0.006896676935154219
0.09441557956391135
0.1612045810004819
0.1997359512663393
0.07007148514119622
0.2649634300129332
-0.02280712891579714
0.14835572518081547
0.5336571166736478
0.02392582080072768
0.07895506987860376
0.3761239259708542
0.08141294558780035
0.21103213844920224
0.43732792692399025
0.15236064734383645
0.13978844072281515
0.2582540572158845
0.16186543460566627
0.2402820891509007
0.29454374299697095
0.20625901495528678
0.3428022997189344
0.6160338375261488
0.3218565513472088
0.4134385031832355
0.3026617657964189
0.19275665894305832
0.3680199078528887
0.3327277262748598
0.08414687773819747
0.2106367572433664
0.2790288767542484
0.174351448440137
0.31165278414923925
0.2908923651705105
0.09437558484610582
0.33181397730413453
0.37025259845907366
0.17188309201701973
0.33382690696627154
0.27283557431789984
0.1051710105554847
0.5056309803505146
0.41811270744868234
0.2612580680127275
0.3836304747077288
0.2326415543697402
0.11915078158915354
0.27727183551068285
0.46915930457592525
0.17643791563733477
0.3826449420891041
0.30755319538307335
0.15798863306965974
0.22750618812666906
0.2703805196570726
0.1060250246505873
0.29084557840661407
0.3212125541474592
0.10684991913666522
0.34664700624003497
0.3093937672820213
0.2998008967991899
0.3070999883390523
0.28124565922830547
0.21601730397406893
0.32323606677701167
0.36186861977253737
0.20991638975422564
0.281735233083235
0.18349074009778085
0.06693454206913045
0.14388044165039607
0.10365445768834552
0.017825744500001302
0.1922476514353178
0.11018858775402432
0.044608732199143165
0.3080867942709584
0.43464869372352255
0.30617932123846836
0.19625543818769722
0.3036424825480844
-0.04091142406764991
0.13532683590367126
0.39935699141089204
0.04886055248217894
0.25732511496678845
0.6691943421255873
0.16555921142501498
0.33636162612102694
0.6621444283537553
0.2672451759997365
0.06759703348228206
0.5567920058642135
0.29700652840926284
0.1440798111368765
0.2777524229076192
0.18112891386190702
0.10678473239968349
0.42859682767898477
0.26476776378275263
0.19569035251824246
0.7481123873402056
0.3644763832278656
0.06070733176509492
0.3225694789062684
0.17837120561854194
0.26175118310207357
0.39616438229691275
0.5012362448626512
0.27362297135896974
0.5808207590807045
0.3934062550903328
0.2685732511952916
0.5940839320155156
0.38593699005204984
0.25952434034029526
0.550590044997223
0.4616602586834832
0.13535682709292102
0.3754156858151183
0.29012999734590356
0.042772344219569075
0.23502104230931858
0.22485944360150262
-0.015919594817910124
0.17021431827673117
0.023022680520473494
0.022667712983374534
0.49268023799412397
0.3546785988887059
-0.013239073592004906
0.06052601835753237
0.18652891554125056
0.007427027372367223
0.24884497297987015
0.04095848662878544
0.08293958628534731
0.34345152126783884
0.2782029817532443
-0.2653083254890679
0.1699730756925122
0.07775250648118585
0.05765948885346955
0.2948976117948207
0.4664604886807409
0.15652083994311486
0.32497538732927356
0.35609872346692645
0.47881437835290475
0.5648828804202181
0.38341818295103136
0.12316401922933662
0.06627384400326396
0.1807297738793543
0.14459771054909723
0.10534604869329153
0.08264613122445467
-0.0007759547991243593
-0.05903921365431703
-0.0647995706638209
0.312749455369278
0.03399861123737686
0.19852887635622984
0.038454020810097425
0.3520946220228268
0.09333408080574097
0.006124618924912673
0.03899919428403796
0.1437440599801688
0.1093258644503297
0.26655839941640963
0.02738661126966242
0.3233508764584292
0.3346002361036208
0.28236285239997627
0.40748246440335445
0.1927040383138938
0.3722699207861494
0.36873687990424264
0.34450024181765493
0.40204366876857944
0.25802369385954244
0.40127077262339034
0.49343481202063094
0.2122555098717078
0.38603413195702996
0.3658263065095143
0.1967597689944451
0.2592656312317323
0.4038837359813746
0.35507120463152164
0.5335503289103831
0.6163382650075973
-0.017200370379791115
0.23219090810134355
0.18792829007152692
0.11318317933495481
0.47660984841671394
0.45133564502208834
0.2042108354858364
0.3896011707753988
0.44440045951218515
-0.07832045448301464
0.14661255225384476
0.4089145920192304
0.052595147447201104
0.32570000547076633
0.5120142421335503
0.0640828911619018
0.20909482745199545
0.25849713621312337
0.10821477744391045
0.4096940607595976
0.21287015872102527
0.21760370012387262
0.6142407921706202
0.38342607343486934
0.37964019500363655
0.735716724192118
0.5515561145659645
0.16816461364145632
0.5156078427899681
0.30167647640171236
0.2586579278634525
0.6156437954789846
0.358405788297674
0.5675823058604166
0.4322902185163752
0.4107843380124989
0.3529311288810249
0.2396379050789409
0.2655550817519967
0.3897057329174755
0.2637603642402327
0.26800136544688674
0.04469665139791873
0.2412264381632328
0.2949417694791295
-0.050972385533892405
0.04314164870087712
0.011595486190560703
0.0747098258380041
0.1709192464608142
0.11770128241390009
0.33204803625672946
0.23004710740202305
0.17356151465011344
0.08928861934093482
0.5287229707362051
0.18683417908463723
0.15121613056177385
0.07423783004875813
-0.02790174245914767
0.24879028512203208
0.4696012509160874
0.34847659520632746
0.20653269846138442
0.009510473693956328
0.047089250141328094
-0.11090494470172224
-0.09351666961862488
0.1296824469413161
0.20366624496364114
0.1889435902234966
0.1288108647623772
0.16892833262594092
0.4426994138179249
0.07111203076520767
0.38107476660654327
0.5056832141511384
0.33167786002336425
0.5728454044746683
0.07076038111341768
0.22066828970235602
0.6748052533342053
0.36726087592794143
-0.01395959905262914
0.45333210044738975
0.5459692355907119
0.33926754863754305
0.27660588118903895
0.3443567326262902
0.22656642528535442
0.30020143078749495
0.24059341700533038
0.14977404268446157
0.4074882289286725
0.20407522268188505
0.4335465550095833
0.46264635393725856
0.191675856992278
0.35480027797533287
0.5251690457878129
0.5069988563985081
0.4700585033471326
0.5612560925780774
0.40925187572792887
0.44981862538437917
0.2397166871291384
0.29648716312173945
0.3823758264778525
0.41907006035127065
0.3111327564985841
0.40786393568611107
0.36095842033957726
0.37802677833075093
0.3957736990558798
0.5788860254461491
0.40772354196403715
0.5455977573193154
0.4711428205770315
0.3924896888179035
0.5049683003314397
0.5725639482185434
0.39457910541150276
0.5241850608396714
0.18447170087148956
0.3331901383008416
0.1517890339620449
0.20243553173876805
0.10579998710830969
0.09364196212166381
0.3315981397806361
0.2781053191047388
0.20114975492767861
0.18792764846094392
0.2540096250818605
0.18722238798109894
0.1248561755482445
0.323250327228882
0.11353335921523258
0.08547872469225554
0.16044066080571084
0.0813181720156451
0.06458190490326562
0.33283970929106765
0.16933105425987652
0.10405153571596149
0.2798474560778278
0.05358335982511284
0.012463161669108831
0.23952371528839136
0.0035886695225702445
0.16035749742236016
0.3311180673176722
0.15218541886770806
0.24080325220365317
0.3143904322744434
0.1841576507475482
0.15298335661376888
0.30148305267842945
0.11382750547309024
0.09297393940661519
0.2930921583669461
0.18683817827975244
0.1632245456454594
0.2928140048545003
0.2424382704548083
0.1561474890091574
0.30923273696376397
0.15846496462368204
0.19021969676420591
0.45024098537498114
0.22727275896107763
0.021558772352677745
0.14600506746012082
0.2753187069642122
0.04220309525849013
0.18447199922368232
0.1356927705224647
0.08362803508764748
0.1503374874508462
0.1159656494357067
0.08840306420871258
0.19145017395510022
0.12827664687584048
0.038318388923045885
0.2815282340668904
0.05442145020463447
0.13334823029773027
0.237431408644148
0.2472683295864696
0.13479522486456658
0.2293912272373889
0.1271600998333723
0.1703588377870578
0.1813962935637261
0.11740887386934827
0.17844514927070051
0.1715773573761613
0.12195427228326225
0.1035379298717258
0.0592719118309564
0.01774466933663969
0.18399287393774827
0.3647786102595416
0.41857998154990905
0.34825325664306916
0.47678398674967937
0.34324398364316355
0.4508137637164172
0.161289889406739
0.21034735351202993
0.4254022236387459
0.3321396397478821
0.15480029795717254
0.534892472167545
0.6637244352713618
0.4969043654280984
0.3332327974070206
0.5312210083502331
0.45017104105699596
0.545702889177106
0.6746060532451674
0.4870228723844575
0.29591802045891813
0.32683831767110905
0.18466635249550784
0.18459414984308486
0.4463498089477942
0.1412171595185203
0.2376796394938877
0.5081896824748214
0.2934226831519673
0.09244161367664852
0.19565748266718863
0.0767714004152269
0.22953015751275002
0.3937714664226786
0.19960928962214658
0.1789546840792718
0.303892121161755
0.1936639854813873
0.22846962363989137
0.44351180689908065
0.2513602543744845
0.10676255151920509
0.2579079720484225
0.11569826062765774
0.15803217867511082
0.38599127909801206
0.17667806869447727
0.37359989649823355
0.35996218192931295
0.26934861621357664
0.28537678803694533
0.44411227026573086
0.2166692873614414
0.26779115560864275
0.42457428262419694
0.22607460634232313
0.337285242283562
0.46659051911620686
0.33272811131329993
0.2887098096933987
0.5335786356766572
0.29483206229328884
0.2589108816463287
0.3485827741422191
0.15579893533156391
0.44099526588761667
0.5226516047427564
0.3189110942130261
0.4661119391610171
0.5471263149821519
0.38989728718647254
0.34168691159152575
0.4333669262890778
0.3068039375843151
0.3984585999675914
0.41833312628702146
0.2664474607815419
0.372845346237072
0.48388424175096656
0.3357813347595094
0.3476231399160714
0.4763679272699515
0.30108796619929423
0.16625402065852882
0.23713349605646467
0.0498551372649534
0.12745513996793506
0.12820768542138009
0.011416423294712437
0.22544900287714748
0.3147611669650943
0.25486482851853687
0.10160192645851199
0.24852268815764578
0.1944962076078175
0.07900467025848165
0.27282878489308393
0.18740707962301517
0.32987235285418626
0.511200310220964
0.40299731480882717
0.3328075127436466
0.611968118353418
0.47231906317718986
0.408729703532962
0.6095080736199503
0.470540824325412
0.3895198638849208
0.5673837004817123
0.48370094851841094
0.39698340060049475
0.5633914676678405
0.45096788219881534
0.34639081312087683
0.5310229637789697
0.44049817155328896
0.1432398811800556
0.36518639330891134
0.25744801129385386
0.21144924221896585
0.48892629887397726
0.3119184851029738
0.2247811686834337
0.5578671189733726
0.2728007166302749
0.10612383070398348
0.1033679136591473
0.03721326774278368
0.20879986844757992
0.2263235343627753
0.16414300866568357
0.42866063682710487
0.18484967906516467
0.24052550528646316
0.21853529500398955
0.31464401529935315
0.23538254574024212
0.34975150337579014
0.4291325653501816
0.31267530460377424
0.30525619623246025
0.3061606281164352
0.26996900892559217
0.4344886717052443
0.4889572119510038
0.4613730834221954
0.4638715847262579
0.5157818919231496
0.4079642782384514
0.6049815357659387
0.4511211449250524
0.4665714377503418
0.34947762867297605
0.25726383684513693
0.28327135508381235
0.23970274474581044
0.16419817549166915
0.17819038749737284
0.19376127359896694
0.1088554300853315
0.17546043265167893
0.26607839936630695
0.4142335822623291
0.200196883932016
0.27323910337648927
0.2622911608936722
0.12779573545937062
0.2990971716998436
0.33785179171875157
0.13740723776429697
0.3349904512703915
0.4288007075440343
0.263848901383612
0.19106962888708495
0.21697785910707473
0.04691674777409333
0.2905105654133553
0.13888618987941634
0.16643805394012479
0.29458980796258827
0.22933177497277007
0.25897096059196995
0.17002047929771902
0.2442892230828406
0.15716621139089468
0.13426617863284707
0.12525644037379058
0.06570139860607649
0.2805724131102696
0.3147623550700901
0.23600033179880464
0.3318670922521828
0.32713929157068633
0.29896226575674
0.3071681719844679
0.36353022762088744
0.2822959317651004
0.23154633478866385
0.19582726579830823
0.16190557944429304
0.21528442278585225
0.1771521380416682
0.09114818977038894
0.20038827466899384
0.003242774189725378
0.07903679474232503
0.26170821893802837
0.42851579719981586
0.3378877478941291
0.2510590632763126
0.28264711119189595
0.23005615350159309
0.1453586103181693
0.3063801142059186
0.24439070162394627
0.07238722192269996
0.09145503211512354
0.08137872799932436
0.060095974296525835
0.15642443051605298
0.0994279845216148
0.12682833206235444
0.22416178751616878
0.15647236186717012
0.07619034333209945
0.183333295723625
0.06247305936448816
0.2410473135600504
0.23006125152723458
0.17959277447086777
0.23532599327228645
0.20828508557388686
0.07446422698675047
0.03730636945652201
0.34087001931370114
0.24671061086694468
0.06912055547834295
0.4681212849651991
0.29731464416922987
0.21282505586862066
0.4660764291729008
0.4129429476546044
0.25761262924285055
0.5527258748216742
0.46265993443431086
0.21931884772928334
0.4860343132056941
0.3789531049631243
0.04749448560795024
0.21895431268388837
0.09809176002142189
0.1436307137992873
0.3399373061046167
0.24635132268694168
0.1489326683694715
0.4354699324334729
0.2536603992811062
0.07956756829136624
0.4422745405352688
0.1042426801459326
0.02234342668792061
0.3513596640138673
0.13758288559077841
0.12447616849262921
0.3484238765059928
0.16245947093622182
0.2160556796075376
0.41107123975875903
0.26549866326362315
0.23604443868532074
0.3374539031308035
0.35843610872067755
0.1425966474106545
0.2643881138070733
0.1592048349457036
0.19393873729192215
0.30791878283098834
0.21940223275073603
0.026016693957832945
0.11118398373618779
0.0615429785381804
0.0818588826367955
0.24689141806857662
0.16463123834666088
0.22175171167369925
0.17677466688858107
0.15423765585904592
0.2875616976837553
0.37817590557607783
0.2638105116751501
0.29606985577572204
0.4452940832596519
0.29345348884966804
0.2826476057240499
0.36344112960874586
0.2608240951014369
0.19431790212562175
0.34325251041532234
0.18597472674490179
0.19140921012804815
0.259544231994585
0.22324132606546676
0.13877731160913773
0.4177686513272
0.27728251855058594
0.080630147590171
0.48389150347200044
0.380410082372883
0.16766958658443132
0.3194074498919093
0.38964056827293825
-0.0022501317270835486
0.20559702636420277
0.05105752190896739
0.07225722690044663
0.2515960507495085
0.05299439635299763
0.05097711398959003
0.16430003434060142
-0.015048665415634124
0.15493911611699385
0.3693259561260329
0.22124413818320626
0.10578509763839433
0.39433706810846486
0.25116034460228454
0.03796284736243935
0.3665363579777074
0.30935465519820055
0.04799980522815932
0.34620568354656767
0.22716087171599966
0.14547164710875854
0.4591551864071479
0.2903440648056129
0.19121695683107665
0.44453676581043455
0.3313086252914985
0.22802884941224566
0.6371406176919534
0.45114003311200496
0.25253998746499906
0.553638027673802
0.337751390407649
0.14737205755996036
0.3246483614964251
0.1744633978769348
0.13454853654133492
0.2660034655483147
0.10782011955539059
0.05672083108128839
0.29435060898529847
0.13185421724299898
0.23876588461745465
0.2885380614912766
0.24289934678420605
0.25497324637095636
0.3860284737257097
0.37101985705110846
0.13260880328362973
0.16066247407392092
0.34579759246592023
0.10977199362975654
-0.052311089805188865
0.14365085928942267
0.048483567145368056
0.3770508180551694
0.20984547565241754
0.014706258320328278
0.10380393811014443
-0.03651320534102529
-0.004601422592621994
0.2948635002914633
-0.015462035249252529
0.04725103717245513
0.21681859217144964
-0.03791894034893596
-0.005688930144481977
0.4175466997685452
0.08898274090679759
-0.002488122067143904
0.33577269896693857
0.05742421933449315
0.029225815342195465
0.2766878334557369
-0.0034590680787027657
0.09600900207318752
0.3492006267726112
0.10597868269812831
-0.008170835175371954
0.3666866707534122
0.019150412621660652
0.117643996211216
0.5200402118870415
0.1682858733257152
-0.055563505898610664
0.33031312962324844
0.006746627265799776
0.12967642526902728
0.3310354332844637
0.06879213704213731
0.060337892645101164
0.40214417826637927
0.02205160013222307
-0.08856535647392859
0.2579339576423755
-0.02619677209279135
-0.09602670992506504
0.28700128021370197
-0.060974504452414965
-0.050677137983010025
0.27790166710188563
-0.02233533982173203
-0.04372773293556054
0.279436880800237
-0.021540827299120498
-0.03759426675225243
0.3594292066609313
-0.031569003025170676
0.011130557418734144
0.3142588251937582
0.040656243309783735
0.05106286954724715
0.07792085382299167
-0.03729020732741042
-0.0558804415688072
0.22313629040397975
-0.03351835997110738
0.19135476905814006
0.36441615294402535
0.1710601016488187
0.14644163419476347
0.2974510825649285
0.17971683185643011
-0.06067718374038471
0.507198132808543
0.24941528122585171
-0.25919097858550294
0.44368459146121186
0.22413573017368071
0.11800765932517898
0.3816416437072509
0.10872001593996698
-0.07747685419180655
0.3688790875019445
0.010303553968966154
-0.05955145670247913
0.4393395643628412
-0.02474380819411897
-0.10467934786575511
0.3205329738801267
-0.010900103220765699
-0.09735770906976876
0.2707007503114675
0.025441913084247498
-0.07484145059480217
0.24428798583290062
-0.010266942115009437
-0.14298706808523684
0.26494787528969715
-0.04398601099083181
0.02205162425351863
0.42814826894435243
0.20512630108404012
0.048576492069988556
0.42224762475154415
0.14736915128229705
-0.08909558711159044
0.2552191352095935
0.044495167631217934
-0.08334575352064433
0.2602570979963746
0.033568976262179556
0.007016925083651098
0.33905033929643835
0.10036290486547428
0.0049860594150308805
0.3793892396443719
0.14305226803973814
-0.03621016951212665
0.5946220884784792
0.16485754392546692
0.015732067316662907
0.4324811753423614
0.129180291875578
0.01863212200616436
0.5267313679066093
0.11287783627083225
0.01743399842676793
0.5706875870131467
0.19993935222966636
0.004368190883885428
0.45292513242385596
0.12036826021463473
-0.02333132393574213
0.2415834810760698
0.06914855396284081
0.04145149467889607
0.4853484231925142
0.09858470919418347
0.1481210220324292
0.5816258053209991
0.35828455898094036
0.01306152213460461
0.4387666120687607
0.13960103787058203
0.06918258336527323
0.7364978645899057
0.32868552387274347
0.04593384551768959
0.504090248012541
0.2941531885151064
0.25608885672691645
0.28273319533817554
0.35919715297356225
0.20884616350445573
0.4607541081043133
0.30866628165850685
0.15686771291475088
0.6284413902102572
0.2966889120713845
0.3346351271790169
0.5545657806926152
0.4604724146227894
0.24103162654541962
0.5679776556228489
0.33327180387677724
0.02741234904743838
0.42150870561640885
0.19631279570425084
-0.017516964893612954
0.28870476777380305
0.1309936894201944
0.06423733483509295
0.3427800038744857
0.17671702229293626
-0.0007633297578754535
0.31902270239676855
0.1056305793293807
0.03767363093847268
0.47720487288238256
0.1906893773213924
0.14143487013802514
0.5689676666943635
0.35842789137359354
0.1653356878133293
0.5800372884625604
0.4403564093071781
-0.09134581894620175
0.2402748672942478
0.14222360357559172
-0.1636521575945718
0.23573679367309391
0.10643941650344244
0.053370028074861985
0.38786952024912297
0.24996188173381692
-0.006957209896947869
0.30782686461940945
0.2752085654212764
0.07449094983488427
0.48939839686584513
0.3175950468854053
-0.030201188112566748
0.34904299108324555
0.17222988382468332
-0.14170981074942118
0.43199660450930244
0.17361811472699645
-0.06117092325384947
0.3508221548477295
0.18224715928113305
-0.071382869641977
0.3246664266650303
0.0494335384176608
-0.08970766782484925
-0.022578509951539802
-0.013339707349002031
0.0031112577168780284
0.330034759921743
0.1298012062397509
-0.09960455710145441
0.29807029087993975
0.10460525468979906
-0.04520685306343414
0.25754042045351266
0.02825090903190116
0.052015746204290864
0.0868527474847012
0.11095991807593278
0.1130173308396131
0.26942528206718386
0.1770787349237824
0.07586671051438684
0.36766661655198496
0.15373992261532626
-0.007846233325439296
0.20249824885680695
0.09836554972314829
0.10477919074559354
0.31985204692283276
0.2220485054293848
0.018035940812801226
0.23929989595777001
0.039451759594356525
0.07191682407676213
0.23529291488925014
0.1450303486224926
0.050749369271993465
0.2720249437045774
0.20025480457481543
0.1379967096632104
0.41877764022886765
0.16908333811141857
0.15519446576403767
0.38404599217482777
0.2699068774723352
-0.006349233932522175
0.3811228136583257
0.28693482453016617
0.02084409783737384
0.08905454023297724
0.028155811738562752
-0.09150091890963953
0.2403576350638602
0.11281092066107176
-0.009472539831518518
0.3304137841948508
0.20153097421342828
0.009232725960192194
0.16080087454051972
0.3131091455442829
-0.04054408531282311
0.2437456338386293
0.2519802350764596
0.20522185459749911
0.11028531818729731
0.21114352114619445
-0.1978161574057123
-0.0472661197152376
0.19365745648983226
-0.05563194379050867
0.13321439936878915
0.016027779535301857
0.17746760547683213
0.210125219980543
0.14215977597131513
0.22855367055196985
0.2737762701412336
0.2397446625913499
0.2190281985461589
0.06843008781444841
0.2484525223065719
0.14256260623777411
0.30058341434503455
0.4032877095117676
0.2253016477030364
0.16092892223230934
0.34850909963716664
0.44300941371666014
0.28239172039358956
0.3467483395660788
0.3712821000223186
0.4400946622523875
0.47226804163017677
0.2736921106134045
0.3435957920965794
0.4178709880168323
0.40134162957727093
0.4564817459424958
0.5149450772310271
0.5117547326588803
0.5467934329622489
0.5729479724337143
0.35400936469164196
0.48997261524697694
0.43592907976280004
0.13120225906600197
0.42448355692013395
0.19954105670803374
0.09760806113672708
0.36266243595559633
0.25363239924910297
0.24672625477554988
0.2759920855810721
0.30593808570432574
0.24624144138092952
0.546876709058748
0.4270107751726451
0.46138485947431196
0.71130590147147
0.6056976378458456
0.28124452633228614
0.438700069170585
0.3709509705502245
0.27924992763809375
0.48870175750600264
0.4515236038134568
0.33265530689597445
0.49715799972189756
0.477668048739197
0.2120781756940033
0.45070915131935524
0.5588224235268175
0.16439705359659806
0.4253257843623962
0.5063897859457117
0.1785349161476014
0.4605951928580293
0.5128123597482319
0.25354841927080585
0.4428979191598245
0.4293711245455979
0.2434000129298843
0.3663951691562327
0.33260948618745956
0.23648356788049757
0.3277386300163708
0.4044873857304019
0.1719520448849461
0.34137400589960565
0.3405295144907698
0.3301649893198285
0.5023541834147949
0.529813333470257
0.2533403304409319
0.35719718854098736
0.5052258268602938
0.3648293283970161
0.3331024964028462
0.4143469823608078
0.25139409791537226
0.3109411735765084
0.2967390965873477
0.3266734971447609
0.31733821221200015
0.38937519044701396
0.31107150255511173
0.5762922175544909
0.48150922448712535
0.36618837273128024
0.5602615413249923
0.545362708965516
0.25331821590069215
0.35216996627819763
0.39172119871848005
0.23959229546702374
0.4561840848187949
0.4525107403470765
0.14836806273853276
0.2397407431142487
0.21677864390872098
0.2087440709951051
0.29849971938525066
0.3306096832713855
0.25973571332160394
0.3369408126511583
0.33678210681846693
0.3069349644923971
0.43154448788097666
0.3257148675636717
0.2827153115740329
0.4318555290294486
0.39692343394259
0.11045816289678542
0.20919391017356131
0.1890949737031995
0.30765358933898035
0.41743531943731793
0.3566773085395203
0.33417263102357253
0.3945533438796722
0.355580927264997
0.2707851672352933
0.41501919126918685
0.25999859378192197
0.11973408600736468
0.328052545328273
0.3025821729416709
0.24156353596074953
0.40702925216085356
0.2842182860236413
0.35322523834097147
0.48078133179577454
0.4140923158665571
0.33562610473287396
0.4503137959867885
0.44351457139862577
0.16871088151209343
0.33429371085505144
0.35765744636576274
0.1739222380334042
0.25449196520885997
0.2775089308740264
0.294262916270258
0.42170286429385906
0.41979341858875
0.2585885260344365
0.4265860453097866
0.3323024345792071
0.06641132704099942
0.20904491382168322
0.1569742233534492
0.2217207751209802
0.2570855349820972
0.2075258406936084
0.24601278185322867
0.2284688712854872
0.24587411913100907
0.23994274207366617
0.4533328697031284
0.37232987470175616
0.21298995226847456
0.4126873847444006
0.3885485093077924
0.20745481525287623
0.30429374057537156
0.2682392199466248
0.09855385036223407
0.2235327305362263
0.20005572558152818
0.1651154296849984
0.3351185588377027
0.2953403914126981
0.22642297902103822
0.0765150406907538
0.2928066075664868
0.1351245191583287
0.25176806372776406
0.2573969479547336
0.061181607096168586
0.21366973604219494
0.27387308062505855
0.12599802353448403
0.09888815420446503
0.15847959684915736
0.04369307423707387
0.1067442917992153
0.1036809058335387
0.2749894815238029
0.14675950011349945
0.17848397088647244
0.19231510854855197
0.11574199651709635
0.26948210444496234
0.11215539523389846
0.08554021412658222
0.21440226261219997
0.3118112428289465
0.16381975448154373
0.26573718787131345
0.4215822431880394
0.5112479877283745
0.3752395076458056
0.3688823171346277
0.37759029302722813
0.40468059950654256
0.3358347849971329
0.38943709417171557
0.3376699798225261
0.3388424795619808
0.4255132112706448
0.3234288429901826
0.4204832228027158
0.4361353164805222
0.4610231425578541
0.42414394242381426
0.5211450996974049
0.35146492215546066
0.5916006817442727
0.4471120389613684
0.49221125344176175
0.33232933466725806
0.4591527729401424
0.4766162464078916
0.07684517031981578
0.29765007327637455
0.3230576300575002
0.35393866451764133
0.27556573690698927
0.3733472365604218
0.2972702058972427
0.2754782767645142
0.45622006785243296
0.1686979248907595
0.17719997763291526
0.18314034251788025
0.2688185496923837
0.2843661110789617
0.3660500661856144
0.3670037849699046
0.38053523385044113
0.43192222116339984
0.118657403027426
0.06402138438335303
0.13452265974637392
0.08870251360783465
0.06278278321272086
0.2476957959812229
0.27096428557455243
0.10084870160061783
0.28581614023292223
0.3892547466189281
0.42987449022609636
0.4674340944178602
0.13326066719339158
0.22971147792131813
0.3926248382512104
0.3666455936250956
0.5062721562887617
0.7238744476980434
0.2625060871880235
0.4842470177581397
0.6152156009332532
0.06454106195205504
0.1329115275634824
0.13878294762188198
0.2369745910592393
0.5817265719945515
0.2874711299275404
0.06700219781235914
0.2096118467966374
0.24710458337429175
0.0816299491160125
0.21030895935395946
0.353747365653318
-0.008883464587257145
0.36260294289918477
0.314647540273604
0.12189538010055487
-0.04128023531225644
-0.030684436293744462
0.1578276226818987
-0.008277684785753234
0.09406597054476351
-0.06892904555028712
0.009881996424631598
5.443582871865818e-05
0.31764648493243414
0.043184092903282054
0.12684524535062358
0.3890633403492535
0.26106312102514845
0.21798151518883957
-0.06481725541669756
0.013925592579448948
0.09317687385854985
0.1803408185125881
0.1704724982839811
0.2162640939791447
0.36603232405980785
-0.14577348093795497
0.3317612386587633
0.2248061624220456
0.09538419623529272
0.24738505343013523
0.13244195392359884
0.15440161953810377
0.29185394197087466
0.21564631974401713
0.2150077142311044
0.32519945018629376
0.24490575033169384
0.2725191943068755
0.545457634628664
0.19781555340139048
0.2496210194667295
0.3966442237313147
0.004293227402988861
0.15830271760005454
0.21403636587910427
0.4873756392009462
0.11314554573414679
0.28149074890325754
0.521401004079104
0.24744448487131582
0.19205841135696838
0.21588265760048575
0.3710529429748423
0.298508782165926
0.3482594476984788
0.4567497397480681
0.48150443582674873
0.40640862488338103
0.37014333970153757
0.40841951747416816
0.7129818540948479
0.48762127162961
0.5994973909410355
0.6171365161455524
0.3647812454582137
0.6167478591763198
0.5929181808757266
0.3966469943609437
0.4281438569835108
0.6177192548242497
0.5266642861202198
0.5541895576181715
0.2585093299434382
0.0635084641810092
0.03701050668478002
0.22541434357241036
0.15409395283624386
0.22166607674107322
0.010002624471938585
0.2171528199157207
0.15408957072909146
0.3246064934251932
0.16451195509395705
0.2528809855170071
0.529518533567463
0.3636620893172977
0.4011960804616914
0.3069320707293015
0.5224704601332891
0.3232594042765879
0.6392130855282525
0.5962747615730061
0.2781753297021802
0.19932484471441636
0.1834542104762263
0.25284000235182214
0.34539143575984677
0.35486649632225414
0.19772815421466297
0.5057051190293343
0.374470203772978
0.418475099318916
0.35480226907372076
0.15727456909834867
0.1928518943807345
0.1894630864635149
0.19621062591553548
0.13532406724244203
0.2615543888315272
-0.08184897446411758
0.09556746638592199
0.4525912069668289
0.07505176523115088
0.3332615373703332
0.49818348262571366
0.37426076028537336
0.27596285925096564
0.532010119105181
0.42445946399787693
0.3597720090977121
0.5726208341770547
0.4432511492234277
0.417821145416723
0.5438026763339476
0.3153853427863474
0.33825327384453996
0.4119958978752545
0.26069961027992106
0.281907742479603
