-0.018482955606678925
0.09323929051667178
0.10421950487501039
0.19673157670908753
0.12977027690024853
0.19452323891426537
0.09804424665884641
0.12613047739113634
0.2980457277312587
0.3080851795072721
0.4693615556627351
0.4210780184668018
0.2788658157537275
0.2273076799633866
0.5779974221213272
0.23339130120051205
0.287207031260997
0.2635674155507316
0.07049637350024601
0.24777025887370505
0.17496177387494327
-0.05604466153995405
0.2324973749531602
0.17722654222777376
0.251502276249627
0.4651216860209242
0.3938131231159857
0.11905610311913178
0.19515961485840902
0.2868323967163512
0.13059747986170436
0.3394785308271571
0.32374982951786857
0.2873698249618222
0.4164954753324537
0.507107040696172
0.28537172470424266
0.4731845364754673
0.5619316980537188
0.20892466289010875
0.3587396953750991
0.2930666736325306
0.08153066251400186
0.2769073737819423
0.2575421577757265
0.09153344544049394
0.41284242399327764
0.32839469890354966
0.11136177489874263
0.21534617538755157
0.3333808621529988
0.3377145658294306
0.35498664761092147
0.5160583540019292
0.3229131388310351
0.41091080319609485
0.6953835509141351
0.21691881465283452
0.4025954675864736
0.40491216454982626
0.4019602573759379
0.3381794504555258
0.6700101100419955
0.53327618299957
0.4495062576608541
0.6747479803084933
0.38897313865857597
0.42760479677495417
0.6546730490317503
0.11956597168401974
0.23342010649965778
0.25012955547158144
0.0660839285869494
0.20655204430359442
0.3408192295987822
0.12936102109915718
0.46415340236154545
0.506760386711784
0.013725251902243003
0.23698491816737746
0.4375366120594719
0.30897626570603326
0.6421202152772272
0.7407774098823301
0.2180389788676872
0.5544104344698735
0.6035821964772651
0.3007929529796993
0.5315610181909434
0.6971182787749272
0.27502066926487967
0.507954118509739
0.658939497230677
0.3753399157168138
0.47872001870427255
0.5655992191715631
0.31335265336730694
0.5112144559743887
0.6237018522741753
0.2846594812666613
0.3417662954500811
0.5265716267017642
0.2824734485217932
0.44546367612589016
0.5167716913610763
0.3153789591537288
0.5058177790242873
0.5664653502561553
0.4812084476890769
0.5913130952717369
0.7624261243083623
0.3619137848390837
0.485631306332843
0.7188051871738401
0.4384177492929698
0.5435775540981149
0.7375531964052525
0.3471005776176384
0.5414460064801229
0.6894543820857588
0.29643181510535976
0.5181857977280738
0.6713188253583557
0.33157008470820115
0.5486806035702496
0.6866196696802147
0.27470060503452864
0.2364736327960859
0.7920317519869517
0.13371842974567955
0.3964141934651928
0.8031930972407659
0.1273515438341229
0.2526509240444991
0.6112330374256001
0.24403751625987513
0.31408607577670133
0.5103061263367054
0.32075859516312566
0.3786423735157104
0.6116693821980159
0.10409861295683223
0.300732472450748
0.5596523848552335
0.24854211846075408
0.34592948216288255
0.6504928808351977
0.2915010084990711
0.44655945816048115
0.6567300358630705
0.28566415711315946
0.5633557324301588
0.6790155191625218
0.2150974162970869
0.4273912105361311
0.5931928260804289
0.1975450780456134
0.34583641188339254
0.516118750270169
0.19918230921900582
0.37753616447384275
0.49293714849371634
0.298653942575125
0.45243126045577226
0.5957613840946816
0.057213205321497235
0.15289156573793236
0.3264017555731613
0.1208198648973462
0.30495943500687717
0.5352619966006948
0.0969575130279657
0.15288643785869474
0.3891139571479578
0.4100434501998584
0.5142364174370481
0.8821675251278386
-0.027796101773955986
0.3685595285550549
0.6737963945950037
-0.07977777510161402
0.20444922121637776
0.49000238066596236
0.1399311446419674
0.3489984089470386
0.580837017449829
0.18822152177483972
0.4866019186307735
0.6716760360656888
0.2595742048100107
0.4962395478708712
0.6863320017475998
0.3066291408967755
0.4608610441186879
0.686286078026952
-0.10996155348312432
0.32587634550987743
0.40343622245769223
0.0019110534460091838
0.2965183875608367
0.49808340297648385
0.04502007915989635
0.2574018236993552
0.4873224391970884
0.11764524584718768
0.31765381049575003
0.41675139124314303
0.12553959210303123
0.4957920452067194
0.4177318834580258
0.13591017021737772
0.6910123447947589
0.6019752041122449
-0.037120706473710165
0.47358487497730917
0.5691375105182181
0.04588295912416382
0.34654007727117303
0.7577401283819757
0.032827633397009504
0.3643965427047283
0.5252482631336262
0.1321006012564555
0.4771640350445918
0.6502235679612218
0.08980220357966662
0.43455647668143693
0.6270339744166373
0.08109315110045809
0.5216019002697703
0.6511807194257253
0.12236633406431104
0.535090133400494
0.5904054316447904
0.09512205182172055
0.500018092123942
0.599567097281243
0.12842947312165853
0.4348102234494153
0.6800505634932517
0.22446770215403242
0.40198750151259877
0.7194929919352202
0.16684861687665464
0.3788894250114846
0.5359259540848885
0.15129907975123866
0.5675243253846807
0.6643779501193945
0.1833939186157482
0.3888842226224277
0.41534107568024514
0.2910301134046075
0.6906271368014018
0.6862358867485866
0.22819405130450182
0.487729587491608
0.6544372557400842
0.17997127500273805
0.39979150766184535
0.5897969025951759
0.37310956932433825
0.6160826102015177
0.6596288616450836
0.35588014239741994
0.6834499228164557
0.8500868793765151
0.2764692840555154
0.6735770335378715
0.8186120758001065
0.03803630632969592
0.20356969177042478
0.4011749693245255
0.3296326318763172
0.472582642047407
0.5753254712336835
0.3189938640773392
0.5140922504746526
0.8229952135599065
0.39390445493642157
0.49013686140076745
0.6662728935917841
0.21446109796493773
0.45269419873970385
0.5024117238366899
0.29681023208378166
0.5658603370764921
0.5646140395295541
0.2851924661543153
0.6191849413668964
0.6685297731117958
0.2811672513311355
0.5114059289323923
0.6647841882812418
0.4353439487573824
0.6085562003645009
0.7174955446724098
0.19593611628722626
0.552435611025354
0.6510100947343956
-0.1928269163481803
0.5010420430446256
0.5316036771700833
-0.11735777174586483
0.5604042007626935
0.3172986266250636
0.0849824231014175
0.6319073323086704
0.7411330683818679
0.10896473784191715
0.4610700471513899
0.611019715164816
0.09612828295950573
0.4821627802152997
0.5952582986991756
0.17492835185338462
0.6349790852530364
0.8530020571509309
0.04427161818955488
0.5491876332816215
0.6272400572093657
0.19424281243156666
0.5926083154165882
0.7044402192857486
0.0904495429000879
0.7703129546729934
0.6555205217786344
0.28248236476734945
0.596317105665514
0.558630881814933
0.09410601549520957
0.526364890403564
0.6520677669717734
0.17775581507396043
0.4640077334690167
0.5990505790471587
0.17933132774422728
0.5660357360936553
0.5962239350210526
0.05817599871719257
0.6417068131673717
0.6720279190176048
0.14849471543573162
0.6608845754890432
0.6446118620439816
0.17565696571960165
0.6196878622461648
0.6089342369681818
0.2184336465671633
0.7094825731249265
0.6590430233974691
0.08655103879127989
0.5520167326119021
0.6080453028307282
0.10668589973025028
0.5972853420102405
0.6943451498580555
0.15450771232308547
0.5566272575292597
0.6452531223305351
0.13076507854306688
0.6199077367899783
0.525168421243732
0.23236256229354668
0.6286046421430918
0.5909072284498516
0.21101886810964463
0.6924659652504236
0.659309683623919
0.19935140048901615
0.7494263665450311
0.715097716381079
0.38600026704292734
0.6700265889647099
0.7554183778088518
0.4463812712595986
0.7198576774292589
0.7217492678023343
0.01120624887254992
0.8027672869027812
0.45888438970092504
-0.007773610671117112
0.7097233209772048
0.6253090894239373
0.10912751982107696
0.7529471935907011
0.5802222185624495
0.34699608109009106
0.5558753731531374
0.6153948232338546
-0.17449982600070815
0.5907034143872009
0.41370061329204566
-0.005308473950093969
0.5520516301630964
0.41049928485594817
0.03645172049140299
0.5465319828061213
0.6129346465299061
0.026818797898828482
0.49520078027210884
0.5802327444709836
0.09140407152394911
0.4543760565439899
0.42063650186137785
0.040197051930365976
0.6208186626597085
0.5924789053238781
0.05080546512034287
0.6742831861124681
0.5429036809125544
0.28077646419720814
0.6564901734560573
0.6731610523067688
0.27975246290427774
0.7508222130080745
0.6250537055262535
0.06712350839693906
0.505853377076177
0.40510376366885237
0.056114802784459475
0.630821130141668
0.5341547897679726
0.04569511491597745
0.7850412638872464
0.5632991840646069
0.20146646118352324
0.7129050489977078
0.7251084095233126
0.12971444982822625
0.6277961199123858
0.6911028759070714
0.031076137330841042
0.6234131544236238
0.6436124811097965
0.1394584711531638
0.5768693486154509
0.44890264795201335
0.27019588347468915
0.6793519444317697
0.6439071208564799
0.27826489754410855
0.673214499376142
0.5579997053870587
0.1736918363451503
0.5392548781729214
0.4892854289549683
0.19701558880614342
0.5754833309153422
0.4838039867207108
0.2964828219060385
0.8111161970676222
0.50610946515878
0.4382553339543513
0.7864469790707004
0.7257810389758697
0.36290483019342595
0.7116317956373553
0.6163401058787704
0.029362809019975157
0.6291410059777892
0.4450293214152901
0.12466646371213014
0.7175219840015691
0.5750694277258012
0.13465173146032844
0.6878463668413402
0.5079751605919762
0.0011735677392713424
0.4846658968068801
0.42565556540347804
0.13966027046067014
0.5481555326874612
0.46677127438355914
0.2557279807740913
0.4586542299663743
0.4578125438613328
0.25968413617723674
0.6374286637311852
0.510587910394275
0.32911591794826967
0.6862605766149033
0.5349230939610004
0.34072525660208924
0.40620354574294315
0.4116112396311066
0.521316176538567
0.5905853978874076
0.5230732352774433
0.33739768888130595
0.55314300592612
0.48019893659112367
0.5444438298988493
0.6147097437764072
0.7377893277025382
0.35065036125224214
0.5103149999083348
0.44040937564516913
0.4699525149044155
0.7057646952325844
0.5346522388177615
0.3235210782756318
0.5406952050154645
0.5848727324285549
0.39516369519028416
0.5656041034614278
0.6548226127586164
0.27339862849066
0.4618089941086414
0.5422514514041754
0.34559584542178323
0.5819675723080853
0.6405742478780412
0.45019351224113635
0.6602942366188205
0.6616091494726173
0.33128437542406947
0.6013020817853931
0.6178889465081693
0.08426301276301094
0.6512805681867282
0.5228686773641948
0.08127583824285659
0.4575639408620592
0.5870590157384143
0.11465806483983879
0.46388805924734045
0.45786578790926313
0.006158517322830459
0.5988106192852132
0.4224196519257438
0.1475586383585441
0.5242849443759243
0.6415167549538219
-0.00624029929896619
0.6228186793185007
0.7554815009120246
0.26650648875509375
0.6488237027545871
0.7360152789915537
0.16864142896373904
0.40059378093327574
0.47791742901503287
0.2139528495163389
0.5593894124743581
0.32967714589801295
0.1765165531700074
0.5930225118585482
0.36518637399930376
0.31597834372731526
0.3415007413475042
0.36771982537315334
0.3562960071249047
0.474127626434414
0.5039105483020495
0.24164171131926074
0.6109706981207659
0.484530025625852
0.6129191099399207
0.8214221516777379
0.8000509596452625
0.1738013065251874
0.4203876538795792
0.4410321116295324
0.1891841636658183
0.3517702003674913
0.32974545948459555
0.0878742719872861
0.3906622244154768
0.45989333280289657
-0.13495851441815243
-0.016959641667355186
0.500896169056413
-0.06170007928841516
-0.05243019074320013
0.23013663587513253
0.020114554674813587
0.06181871791248879
0.1492504053502714
0.024690499419943196
0.04730638367394725
0.22220806894369705
-0.032919594919157164
0.301835036292339
0.35888064176049594
0.10555336803303271
0.5611475331234799
0.37111018086784336
-0.33569091063478884
0.31805821741476914
0.3609218850238681
-0.39077729888918716
0.281175666582292
0.1860937163859664
0.09063128972166284
0.22769353389017452
0.10422354922804147
-0.0014169677287252935
0.1877001675181378
0.37613534317928404
0.170971535920658
0.40969602460338217
0.5715528634712431
0.10590688947682936
0.2088656913806295
0.4475993881454629
0.11556152884968998
0.3004120140625691
0.5223446565262931
-0.0025327561956090157
0.3889507026063911
0.5993319178128963
0.3477449313723127
0.3745262217804238
0.4376989349560741
0.2270749171053037
0.382474213827183
0.529693638932074
-0.04167572923153975
0.49774056857749166
0.49245379749279666
0.21181962965252454
0.5365267561995196
0.6531507798876939
0.2710310793186648
0.46406967538893595
0.6703498039294998
0.10682195552430852
0.36789434187925474
0.4629494739511219
0.14634240705023302
0.2873254658111371
0.5831469975309422
0.12215843247980138
0.3084337013967977
0.6620496868160911
0.05727243159425148
0.2428339796276321
0.6208699488003788
0.15746998071337273
0.36394873667510275
0.8431934862068875
0.12274100546302488
0.30433625477852144
0.5649494937971162
0.10881227018845809
0.3655777173198524
0.5913538722822937
0.21470938106932963
0.35864148435941307
0.5834924339205367
0.07008259285156652
0.36665077939267415
0.5376164093777964
0.1353803947488082
0.5053847815664538
0.7990448561065105
0.09882160469171498
0.4704484211197907
0.7968720811261778
0.12067318200652832
0.5145854818415017
0.8568645482283053
0.0399794917143432
0.3162505972554127
0.6924186340335736
0.02907938016807081
0.4346885301463851
0.7406493313930409
0.0265743165727589
0.37100336544758056
0.703258415762577
0.014328560268410777
0.4329993704882997
0.7658050364485616
0.04890088023183108
0.5057590858777281
0.7152625816937515
0.0019292215274965552
0.4134619124695751
0.5742305628803694
0.21009682467585605
0.7031522539626931
0.6488817428186284
0.2605169939433653
0.40040596261962214
0.6319403318368881
0.31744682818327863
0.5426775779562325
0.7683752605037242
0.2974184370762314
0.5826853995099661
0.6699740692445983
0.25476662143631756
0.5757539004079282
0.7634976492528419
0.12658586131912553
0.1836357367853216
0.36092420464159447
0.0073390378405438425
0.14447411747568323
0.3794825673602089
0.06930693346184216
0.23855849050546526
0.5013953637644704
-0.15253587051723777
0.19361541747529315
0.40357312994132394
-0.017305682675701657
0.4203550362069878
0.5701221727746453
0.22663143075713554
0.32474958879305604
0.4966953235514536
0.30234119724950015
0.4665259254053733
0.7891767752232189
0.08839254662512037
0.2498669579144211
0.6608479197915758
0.03676871912709793
0.5486606207234426
0.6466475990712626
-0.017884770586871254
0.4682957177318436
0.5567713342943176
0.1962021041849757
0.41139968530062065
0.5973525154417407
0.15379471335853656
0.40601104555316725
0.6316965314710267
0.13805128338993983
0.39917022035096283
0.6777551938092973
0.16248007551922192
0.5245876287201714
0.7181687298015058
0.1756934788580436
0.5495037053145181
0.699349497654753
0.14594993384390192
0.49993168362158846
0.7106280513499018
0.07239459176205505
0.30537667202069013
0.5162719798449112
0.10604327043211689
0.4377272057068901
0.6838555473645056
0.14590085159852778
0.44945953649510784
0.7559993249494079
0.15726471553373383
0.3909058282994383
0.6026244896984121
0.2627338443631237
0.26337066163080586
0.5044114595644557
0.2129395023829008
0.36654778211823685
0.69381850198824
0.2636316005994983
0.45408046737980434
0.7296246535062054
0.26236127761299505
0.4480980234229719
0.7298464211055211
0.1656339213451625
0.3927119926271718
0.6478874200395423
0.2123474849780706
0.4185061274806393
0.6816796895064174
0.2272072653687202
0.3309658368827805
0.625088176436791
0.04576005915973687
0.2657861073857771
0.6365076003339165
0.14193307768003754
0.3492493200099893
0.553993207913569
0.25377455910034663
0.4401337428058558
0.6658386132992196
0.04681815557904466
0.3675720701623182
0.7004088515475844
0.24323692539456923
0.44776972873954046
0.7375490967016598
0.16221733403987523
0.43722120079775906
0.7425726900521044
0.14497548029968158
0.27093853700464376
0.5484763174579537
0.23157501521370055
0.46501203370894206
0.7401077549001388
0.03927964187076306
0.4797846033763352
0.4978853614307136
0.08041082101793749
0.3995766472799219
0.5673173080981655
0.27732746388060825
0.5192517252741016
0.5913995597140901
0.14423284976469758
0.4246889321272702
0.6078484972976634
0.1753926415713411
0.48792965060940774
0.6457041295375491
0.1820449943416789
0.37870929116902186
0.591328814526723
0.07802720797364308
0.5652461488569587
0.6787147950083131
0.32320804337276854
0.408746481735573
0.6580448875117689
0.1967986323761299
0.44313934424928314
0.6722838677949126
0.20384684921271717
0.48904104129658743
0.6705749745934892
0.0211047386906349
0.42178049845991916
0.6255264639347508
0.19462991295642124
0.6499845736273202
0.674598426959429
0.26684922401047956
0.2700262915503009
0.7009561835195405
0.24413970400953144
0.44882753629948435
0.8481938556523172
0.21660976983194424
0.44354207041865457
0.8312156378472945
0.12276320507924944
0.36440508302948577
0.8116337472658637
0.13380365070311268
0.3275414732686756
0.8148619964922561
0.06730281719177726
0.3710496634597949
0.7861410083653471
0.05370908066022392
0.39747470159788933
0.7829677997982565
0.153615632970005
0.3743556167172555
0.769173295588633
0.11925275539277808
0.42259523676696475
0.8739507516121615
0.06062110671208074
0.37246450853158053
0.6888438880448684
-0.05070171013547606
0.19670049758668712
0.7456622679983524
-0.008500193282724826
0.38932859016957144
0.6299082412978774
-0.13567687959659674
0.23718127941467576
0.4701801728840218
0.0323642526867528
0.25013537335033786
0.496961111951406
0.1061574387513247
0.34499264299600335
0.5539919051326367
0.08931172406869455
0.3182766731415503
0.578144573361308
0.12366090084295903
0.3624782331855887
0.5384340119538884
-0.003930919518081454
0.30070116184061163
0.4952963011631492
0.060475216712615215
0.41627289664952893
0.618704115162624
0.1169275228650726
0.39506941632434656
0.7059451909928742
0.07851219648534738
0.46282880697768947
0.7443128584095426
0.2359762446535739
0.3069373509534217
0.5461279236155594
0.11994895703888707
0.23837996582615653
0.3926856772113684
0.08355765128063708
0.2506899835206714
0.4868690410835303
0.17666185104933263
0.32523848232870656
0.6966187359322018
0.12226286221798173
0.315470865949869
0.5984916716320074
0.10719175632237667
0.27948598626047644
0.6003530517543524
0.12815801219343312
0.24523812057489897
0.6507902829315133
-0.04058891523507968
0.1918756777531781
0.4965647838858298
0.1744772990106737
0.2817920119391352
0.584715039197265
0.05906989216395158
0.30152858711627983
0.697765195374972
0.10639716446822346
0.31588458771237193
0.7301932198655874
0.09715421676107959
0.3185533549737243
0.729016481933176
0.05880489393540517
0.2888812521041457
0.7264543974844692
0.05509993958282413
0.26035325439075846
0.6597386547842471
0.08570629194138472
0.3713652237166679
0.6676061593826375
0.07361414059121277
0.35622450890110335
0.7093591645544004
0.1547983448757897
0.38625007826238816
0.7480517225983828
0.19506350393246039
0.3412116673767702
0.6404342117617536
0.1396172088569364
0.2737196184288959
0.6388089278140573
0.09054149171245357
0.43443781069261966
0.5747807620363827
0.09395790437606118
0.37361425054420305
0.613945900554129
0.09336355139987627
0.5020097174485846
0.8690849928406678
0.04655898269130615
0.3689918563661658
0.5628383118301212
0.05359530811073757
0.3280461884849576
0.5897063932929905
0.036624202103961515
0.23431530799419503
0.5586829280071893
0.11110884800259789
0.25153974472540097
0.5777553524994344
0.10257043253818988
0.3427859358426279
0.7277676195308259
0.09520391543780211
0.2775056087649844
0.6359180041948549
0.05849463000757202
0.19532770333365007
0.6583937999791474
0.09540110436369004
0.22419451257408363
0.6824450926023959
0.08198062656674775
0.25966273475145135
0.7154091260105317
0.09197831422118151
0.237303436643442
0.7013632250662065
0.15963347232374592
0.24881869671886453
0.8134953358419548
0.11820982039481706
0.3125143094191103
0.7740194729066898
0.09244230706502703
0.2032791247392937
0.653308797779397
0.043831391091012015
0.22079271663765893
0.6260491693614215
0.01620141671826594
0.24696469512268004
0.6555486513081762
0.04449313095437584
0.14967195879758127
0.5876317427645359
-0.06135530867769157
0.16518819266609794
0.5725228931298654
0.05566849081082327
0.21946011767951557
0.5827142192763276
0.044327373732598416
0.21755271871780946
0.6155332228773289
0.040194331694122135
0.2701903177827719
0.8649954788210286
0.0934570679874929
0.32260703399937624
0.7665065285812328
0.02593470152301238
0.2706638253347132
0.6476401909407435
-0.0006848956063635267
0.2523561979404558
0.7098120145181578
0.04726258653932653
0.2704061507567954
0.5966332230821346
0.008889773662116324
0.3082061046124581
0.6673054366054747
0.09245636301594563
0.30194763901711724
0.7392760870273536
0.08139879933980176
0.3120512320085479
0.704341461452448
0.004614092904611544
0.0722588597652794
0.570913542148755
0.09721098744085899
0.2341743537526273
0.5200387104871723
0.2697135454057441
0.15415746871482658
0.4711927602424858
0.2503627669365904
0.19718058880626121
0.23766085166206313
0.19102903685526634
0.26421681344719955
0.4556507804923169
0.2729297462896273
0.4065844399478208
0.7177629903640996
-0.04813063766523751
0.2619301844450622
0.6703891663513348
0.08576428118778444
0.22134447544520652
0.5812447730700567
0.18006778127413153
0.26502687451318696
0.5619504452863442
0.07266660274408449
0.09817175627067184
0.6380809174197557
0.14600718226100554
0.1786352364299406
0.5849375444655468
0.2372519997122182
0.08216276532918439
0.4975499880846246
0.24959072456892895
0.21274306935526663
0.3511067839785764
0.1812652751863564
0.1812577948168944
0.5526789660797433
0.06996276375541122
0.1792550782137627
0.5498274369476398
0.10979717065164321
0.07034271766970654
0.46586174469448804
0.05311828135766498
0.080325988414996
0.5228354399372508
0.08217567891152304
0.20256186546389765
0.5761888122010859
0.2135928815838232
0.24177984905584815
0.641733381987496
0.026355781955363013
0.23883795189401938
0.48201383006380416
0.11667103678765946
0.1674338823404605
0.47082888709423115
0.09214201484626941
0.09805320062883907
0.6782482603540689
0.06540612830091347
0.173809054531956
0.5667813767925227
0.11431360331378335
0.18824655581340735
0.5494345666257547
0.05936189460296121
0.06483211940416309
0.4675193102568437
0.11501224140094696
0.22773602843572066
0.6019518286510217
0.16510598401014973
0.3206480298577701
0.7044047019188998
0.08900102940777335
0.2375327532172778
0.7458485314244596
-0.09617913599593636
0.08908061105494777
0.4848322369185004
-0.006217658726420916
0.16076599092833718
0.4600234838881606
0.19754421314609877
0.5250945093833481
0.2735939175843808
-0.04775628212752841
0.09149438502860986
0.599986363263729
-0.12945266284658893
0.10604357595539371
0.4011180775676395
-0.05839716169404603
0.08747930634151345
0.36262508178519137
0.07795491107250459
-0.007326267695820234
0.5530811716137998
0.169462157301219
0.15991320664536562
0.6561007286511507
-0.07570300624707564
-0.05484373825561075
0.6548020594691327
0.11724029070197295
0.14469993679943224
0.7063463057330432
0.04518861416718928
0.11404939501625055
0.7007605322217294
-0.1485039540562566
0.05219275615302327
0.5569969104705575
0.02896956613247821
0.10021594405035504
0.6522350857501032
-0.0194096240903944
0.2459018434936514
0.6496302301024224
-0.12270637480421656
-0.07140558547535437
0.4570009894076285
0.07143498434162271
0.16267029049386794
0.5663756662754794
0.007909553953768862
0.06344957748116958
0.3743783062256449
0.10521081441316259
0.17614124216124039
0.6672181784446143
0.05809039030122025
0.21367844452132728
0.6268400925423322
0.06524636915012624
0.2121124103629649
0.6426050302078266
0.02596024720600815
0.2740723612943195
0.4791598026014797
0.0410873773231015
0.1918622806142532
0.44940924000651405
0.06873844456803457
0.24487328401330324
0.5853351534286556
-0.008137099175941305
0.23412575184851764
0.5943760004596859
0.012060192529890296
0.12494634927450388
0.6029252230521857
0.07416605152627379
0.19420194052535183
0.5748242640447887
0.0734107220073306
0.12484208510734449
0.27462621036423196
0.04247659157878704
0.07480603369897663
0.2133338054925688
0.17237959988070814
0.09930999891454219
0.3281309341074283
-0.021954988393848008
-0.057469686628629016
0.29597773824870655
-0.004796157756260501
-0.07741493483471336
0.373062014214845
-0.04398270180385296
-0.00993513207244573
0.2003785977484024
0.07825377488163933
0.07391441780059113
0.36967595813469173
-0.08729194059673806
-0.011211974905431847
0.3281923466553689
0.16915330182347776
0.036886386961535976
0.08397409640304526
0.05559023742635809
-0.009217042518291432
-0.07278319365131428
0.07092031268694207
0.06576521798685696
0.3842443484435581
0.07891159011246529
0.14982130594863924
0.6332518069674609
0.03938243379479295
0.24291804150118634
0.7812485052324131
0.13641649924751315
0.29153379771280535
0.7379435841114896
0.02084015096821276
0.18224164358037925
0.631377401906624
0.04834857719837726
-0.006708935499661565
0.7713618274110703
0.11531302821110695
-0.037578858365290436
0.7589168317014159
0.09464597663844229
-0.012495131676629558
0.5941862451198083
0.012631224224750229
0.02234057885918557
0.47902597119292245
0.013789787328565305
0.11636764326564336
0.6303741576076533
0.08360443539341314
0.1099143572375805
0.5646778400094639
0.24977833658511528
0.24249810804399963
0.6733852736879715
0.03129074346979694
0.1232026914353925
0.43261795434736333
0.04002809463008152
0.03382963171891787
0.4751831654752697
0.0024374877528919245
-0.0695178748291389
0.5372866769930307
-0.030967821903966894
-0.007302315799894507
0.47751755430722553
-0.010213556604444143
0.054742096074535285
0.749561457454248
-0.0894112731715447
0.13366375791446644
0.620223808583395
-0.042158922975104096
0.06547496600491333
0.6359015806340369
0.038433914119916826
0.15988199180009072
0.7302713511231053
0.04337933475224113
0.16994376580752824
0.6345320973708577
0.006850256267071971
0.14152911614117075
0.7279588796915946
0.021582255954340657
0.14194521613008124
0.7076914422376204
-0.09307947611496567
-0.06849950212500744
0.3017455194725991
-0.03617389907748765
-0.00037182893135102174
0.39544663071394814
-0.04079413867347811
-0.0010411234044361457
0.4698041810272068
0.01765718860589056
0.010849968587207085
0.42295674191215515
0.16040720374077352
0.046697856577489275
0.5006360031031121
0.07683328753476101
-0.012733319770495292
0.3608824326879345
0.021101522043948405
-0.00940310352971847
0.419464617736775
0.026174590709556404
-0.021235337088977745
0.3547148750565219
0.011676874751905599
-0.007881891425900291
0.6222083108841212
0.035308465429733996
0.13213514417504918
0.6305333626388319
-0.06624460864241245
0.095322530666593
0.5790427007640168
-0.03218593600890057
0.013410979579430878
0.5572717764150441
-0.05825411716185219
-0.06992202108163123
0.5502521438644301
-0.17533614653860108
-0.04008352436368416
0.44304905643125186
-0.10402525005959892
-0.20848770050464238
0.3510486411681242
0.10749189644262803
0.08178298736964162
0.44784898092500947
0.010828496891213487
0.014378994371360834
0.4736947565194266
0.09763956327396459
0.04179750838341973
0.47070292151079257
0.03586608411516543
-0.0376673815549213
0.47423332130448137
-0.02023387932451133
-0.03443833894278404
0.584809761304895
-0.004622730839695324
-0.041330651070206725
0.6038411696751437
-0.1303541499220961
-0.1333289957479933
0.29509705804734787
-0.0870749427744885
-0.20656139678541724
0.44856181543818385
-0.13218156635921505
0.35760794046703415
0.6469781384259299
0.04617840870405299
0.3827731941434108
0.6410048508338737
-0.10876090961793046
0.24961242881920273
0.36819836852960564
-0.23434153745768357
0.28002616226929705
0.5388045114723516
0.002535785013825703
-0.06649951511648602
0.4660567822247693
0.14062256723243452
0.10006621902923532
0.4903932959375563
0.004861378705756425
0.18629370770896309
0.7295324283274007
0.010707078807959363
0.29623597570784954
0.4248918224878241
-0.030020112449750655
0.08658232926412837
0.4322883044179515
-0.07592877564884334
0.13084721136383176
0.4877635199657401
0.004725054436499135
0.17737873552034372
0.405923738640518
0.042686096677030445
0.145275248237945
0.46761662108261737
0.06390996140451546
0.24056933496245378
0.6530118494815191
0.04839933415653555
0.2484928665606057
0.6627547956176265
0.1259332621454415
0.2525818494150275
0.6212991582018739
-0.10457346773642176
0.27616683381280166
0.3985112725326433
-0.100615916459772
0.04807172020716896
0.3164416822813187
0.06116692739521342
0.10946378727337569
0.37679580288996095
-0.015198396946042532
0.1817975439847439
0.5481243938471883
-0.14931989294891962
0.11998868123160424
0.48538718430910466
-0.11783551327272934
0.26933689916402725
0.5467804922096239
-0.06820433018543579
0.1463596665392351
0.6752479299430344
0.005363950208782289
0.13413030813548782
0.8163655270346842
-0.007360337024069817
0.08869708037519428
0.6691850070782019
0.018918283503622218
0.15469879377878254
0.6255580768590023
-0.005812488337364072
0.08209570400596009
0.6787665642897076
-0.17491413613421755
0.1299691795971963
0.5297865001352672
-0.06682570573968409
0.10524655594389518
0.7007610672765484
-0.12298817780442711
-0.026819263322257873
0.4510788356307025
-0.1452276008827454
0.02837388200544593
0.41572248681239155
-0.05794838290491956
0.26963251508124675
0.5809513227780987
-0.20014074706178575
0.11235135539475077
0.4707442117320355
0.031119147788853607
0.14693240431590202
0.35206382791242874
-0.06279122758366669
0.17330622770106147
0.5334631471710458
-0.01263018092711371
0.26972294207651526
0.6964132149260147
-0.07382991021058279
0.26738096550714946
0.6098676651618082
-0.14347556014462837
-0.0027369190376013318
0.37083260673430807
-0.23204336982790563
-0.09677939829832935
0.20201814108163155
-0.15544416529462654
0.050410291210779966
0.5870090778323923
-0.01277600675590923
0.23801552402773477
0.6182550483015686
-0.047995563317789564
0.6092958669337621
0.39354404003127796
-0.15134357425417083
0.20515717029471894
0.13844471240840958
-0.14573884208187918
0.02105114954359609
0.5569508761210352
0.1587488353967464
0.09699872362573173
0.5929437258710979
0.051007900284684285
0.20561487089985486
0.26408664176631436
0.16284210866027546
0.20143930466121607
0.45259504801654343
0.1941083240815725
0.2033372927068211
0.2920019180379049
0.25417146697645265
0.14186628877101737
0.4466669827379579
0.3439961902816827
0.34665832930360196
0.5818660707065817
0.37166406389185314
0.48481024340548684
0.7125861081537006
0.475518630221307
0.4554965460725198
0.7303652634292217
0.3268912518798983
0.4095616659933943
0.8386529609797231
0.40354699939913463
0.46481099236812307
0.7027548189546303
0.17270031334642272
0.3311645051815423
0.3123911987110436
0.16832415642572235
0.13753093496769067
0.15110164131796722
0.2903565473523602
0.09267257125380107
0.36244635952887877
-0.055991595904495636
0.014960490538323108
0.05741386692573637
-0.05468418490590161
-0.05055662529251798
0.017780006106569556
-0.00166835534565621
-0.0015594004238262925
0.0034076986628462855
0.14491013662438834
0.047213637352216925
0.4956806885069617
0.1673770253498686
0.0923063875832305
0.4723565969259952
-0.00759253685949994
0.15661274444710507
0.39024366360295704
0.35103688711911835
0.3781653675182674
0.4996272642351413
0.3904661012198454
0.2496805131329755
0.6848951602010575
0.08202479577394814
0.05327474890990349
0.5141382351587623
0.032844477097090104
0.23745023446394747
0.6019266066245708
0.3116906029233399
0.23777434000343473
0.5989343773496196
0.27335049696718217
0.2548937074313404
0.49262199678271495
0.0511453121696522
0.08242240679207005
0.682398524864875
0.00585566194850321
0.2355463110036471
0.6221426616648338
0.3313639467140499
-0.037955642399294526
0.33630850489590947
-0.15438762068253395
-0.027262905723265354
0.4082784343322847
-0.06520834869771236
0.33975708210394756
0.38260146403792605
0.04748216887110034
0.2433699581056286
0.7913340388062693
0.3020807736958648
0.44958761823924764
0.5537720316429124
-0.10863339105085237
0.40032037436991275
0.4743217990327076
0.004295171899478645
0.29928745773231746
0.5340422226388641
0.1637137758264741
0.41193619521904834
0.5290637355466784
0.05092148037395414
0.2647418324459254
0.5633934705802008
0.2410735165866132
0.4385355867236818
0.71830875098881
0.03902352594258321
0.38924507728625724
0.6684395196612909
-0.04977249067606192
0.4296783322379193
0.6742750729142399
0.12952715090529646
0.3982266908057267
0.6696287869943955
0.031121023018581016
0.33441687399012343
0.6455576376226451
0.15202346016121876
0.44541473785713676
0.7026856921664744
0.02972105542707268
0.04335717658921264
0.4118952175718371
0.06396092317868246
0.14508671846370144
0.31085760230458
0.08934667135864004
0.21101763371542298
0.34648547197354285
-0.009728267389528696
0.18212144041394152
0.31950419599053226
0.13248324977192508
0.2662224431148162
0.35654289858742594
0.09139703748416775
0.35445674162382235
0.4585972582616437
0.13683520120014736
0.47898145340935827
0.6788487026744876
0.042562117668903304
0.5466635881096493
0.6112974111901146
0.10453914214887648
0.44091131295392105
0.5250356725096531
0.01964503386354615
0.49155231659186993
0.6112915804719707
0.10682107041382011
0.4993686954664094
0.678789517335503
0.15890687912290036
0.47915094435005456
0.7688006019577237
0.14757679294220366
0.31975851727174687
0.44472645727515453
-0.04035083029299447
0.18118166740470748
0.39062405874389705
0.194530878369911
0.40281882439525163
0.5680648423052435
0.17597257448553233
0.4344097304281343
0.5650269685834917
0.1382122333174135
0.4491731161049946
0.6855123779101948
0.1361431183450329
0.4134246923075171
0.6079018177733275
0.17389732470394617
0.5322136479359958
0.688150790833311
0.11585174772769986
0.24927466191908548
0.4613741172185766
0.08141024382938422
0.3804856970316838
0.5679414125043698
0.18190523257645935
0.38803249083507263
0.6274036951197239
0.2349959997780734
0.4383540653630581
0.6428413557036674
0.1421042406745736
0.3876880706703504
0.5580282447050193
0.10959460771283942
0.311915449538429
0.4912968562162475
0.20737313843785976
0.28737823472301893
0.4474296845684746
0.2183669649514543
0.44864120133233587
0.5491937153914916
0.2244256817388915
0.36743488003916736
0.5710361213703077
0.13378342088978964
0.4558286562708774
0.5159705551371253
0.1802869522233301
0.5224995104173463
0.6602895323142448
0.2015830715492214
0.4321728209519963
0.7010369042718111
0.3155523318908143
0.45148806353251014
0.50945576691276
0.23279470182182782
0.4349061403322938
0.6498785467849689
0.1939079678153839
0.29631969765849964
0.5603692820199222
0.11192944874606109
0.40963704809030577
0.550538679677852
0.3307413781095612
0.5377381889797483
0.7616063939938676
0.17899092566009436
0.424886330587095
0.682125770873189
0.10923140965267615
0.34236132164500765
0.5638945590410431
0.21016129388577748
0.39722171169996434
0.6210498734172312
0.13549945756671886
0.34826427665768844
0.6343982113969691
0.14053980465687457
0.41069922786636187
0.6876014232732656
0.22682469455295434
0.4542466976202968
0.7358602433364434
0.06493090712700018
0.4491114412536421
0.6243250743435647
0.05790229230543666
0.5268534440492592
0.6963535505393774
0.08035181175360354
0.31815354270312324
0.4418855514137202
0.5905078409100404
0.4912283966867831
0.5752778261485387
0.0043083341567774075
0.23237298040656928
0.15703526264912726
0.21966477511930924
0.11595254264511563
0.28667424636913447
0.11895088371762556
0.15277091577361004
0.26030371651373285
0.3862897577833681
0.12007795505104353
0.6214481964032583
0.4600994766530958
0.1768302714288242
0.5096374339100358
0.32851269005594624
0.2080789807442599
0.7182551529653968
0.08285689656430638
-0.09124312661504157
0.41799542072209417
0.05972876837909266
-0.1686717274508464
0.44974637591027666
0.07510169974790337
-0.21165289742777035
0.43443440471093786
-0.03659160096908429
-0.24824574787154063
0.32165861667051787
0.06923240284748641
-0.3334600473473025
0.392882104040232
0.5875134618884438
0.39750571404485274
0.7190498610634298
0.7080026484258417
0.2053843817021582
0.6479430216051802
0.6631774444046494
0.4440445397246955
0.6944246622851282
0.7077604391132224
0.3324032945922435
0.598526411571448
0.6975246283561789
0.46314523363141646
0.7269756155982954
0.5454504353944852
0.4046076624333398
0.7336627018439184
0.26089402469839057
0.12152666266865236
0.2717582124437477
0.2959245303731076
0.08324721621808195
0.12835517448594885
0.15047096160264636
0.14230066983398387
0.060912373613052226
0.08215271610435285
0.05260848510465324
-0.04098170754975847
0.20421952320440942
0.10851871209801661
0.04909370547125606
-4.46723830541812e-06
-0.051715950227786654
-0.12692612043900903
0.3464836241478095
0.24473496329783131
-0.08844412217613924
0.10151559890663722
0.14023239688453684
-0.06290930355611175
0.1436706164105808
0.2013532844326612
-0.1301858596817986
-0.08963741735402157
0.5061430399621201
0.3287170017355444
0.11472991425142268
0.17329229391418938
0.10856720524470864
0.23398341917512872
0.2915900148007872
0.20505922038375335
0.07341551138200507
0.026665658496486527
0.027877372763453187
-0.007584729733375506
-0.038843147526213005
-0.01725729642256021
0.03448303033596374
0.0072036510398662944
-0.003389924086029006
-0.035861434346906904
-0.02398378606500578
-0.022466875719327775
0.021664784888714494
-0.023023707968951028
0.03853827734486605
-0.028495026856964215
-0.00043532821613057743
-0.01685738147999605
-0.054827304267650936
-0.048476250637760496
-0.04898011601742029
-0.002219978764253955
0.04622860780727208
0.02174869096144843
0.03674974998212939
0.20079112253869286
-0.08886343571839486
0.07171012064545598
0.21006432295572347
0.07372693271273453
0.007882232248810735
0.056828564405427655
-0.019105667977094114
0.4798963123114939
-0.02193184065191124
0.038026890996634845
0.09700936647137456
-0.0062901541599861
0.24401118310451658
0.42029170568331997
0.2780674576073069
0.26729163242057585
0.17565407031592717
0.011293237565104253
0.1826178739076374
0.6922308599576688
0.007281277786220466
0.0984505555242769
0.7287671775885866
0.18505581241810315
0.14565909756024611
0.8496311481179204
0.1013233917865836
0.10644628494724506
0.778571030443277
0.025299866486065303
0.029180288175374935
0.7637589740992814
0.07489189437930158
0.1001889699024148
0.7042761462284595
0.09797396757994231
0.0065655069687339355
0.7271102877376021
0.048496430293576025
-0.05102402269730863
0.5821727889178719
0.049596439044963456
0.04151894821739457
0.6253535023255588
0.08850559839990613
0.032943155752464155
0.5957199268696803
0.03817470964953901
-0.01751763043282821
0.5913532129606247
0.0229898644442853
0.007326627991652744
0.6237822544998675
0.039003727671643854
-0.08770992150095397
0.515669794290396
-0.09908641929881105
-0.15619256934515696
0.9327828035467176
0.13273715559481952
0.05171537894944459
0.8020401882718864
0.08720730189916656
0.06480206991935893
0.5251034305756384
-0.07783291872324542
-0.12420488384634507
0.7104909002804393
-0.03684957069310062
-0.07962695137402362
0.7145322043135622
0.04577808468306406
-0.12022019480523452
0.7461507161563684
0.026267405899509412
0.08500182752318608
0.5621471685186789
0.07613478001470453
-0.016037475271305942
0.6983637668354288
-0.007753601300852134
0.08415452210749813
0.8917236581452017
0.2870593209739312
0.11222479446539603
0.9230411960221675
0.38599933179442014
0.2376562585467703
0.6296800041214601
0.20776899305337726
0.22664987178949006
0.6717069096228815
0.29508416728177334
0.29779951469676313
0.858959665948916
0.05653722359233118
0.14074825474089103
0.7115361122143059
0.0547880080110056
0.16413552942449905
0.6135055707781384
0.30866205597147456
0.10299605031418599
0.3460023968876051
0.2022975962950282
0.07050461655656316
0.6965774159539578
0.006708483021746867
0.09094906593772611
0.5172878328676394
-0.0639062581194483
0.028075699871479082
0.712175700718443
0.10322281168882358
-0.03544193464132295
0.6567316452501403
0.18393160389468044
0.22782035780555243
0.8072599621424711
0.25877472925587003
0.2389397205299597
0.575138098350803
0.11457543979298553
0.05205194061583443
0.5500619891862701
0.1242945108203677
0.11583196995008055
0.6204795932558802
-0.0004802821049220314
0.027272400988600353
0.7727869458420022
0.594488682103802
0.3540357764774815
0.7685569196944992
0.42721929626787014
0.2911083159341661
0.8293832851347382
0.39719155529073036
0.2845339543730584
0.8732315325164094
0.37961346704206533
0.3367305388315829
0.5759303991777606
0.30796812906891546
0.2630126302619936
0.7145401831932217
0.3362687451445372
0.3149627981381581
0.8414000845030122
0.3736764908023158
0.3124277939665465
0.8323075115818727
0.37498497625061167
0.43120214517560984
0.7415143056184504
0.18756544508319112
0.3583609322759349
0.7220017210980794
0.27646357514159614
0.37306591410461587
0.8157811056177857
0.3803822236038785
0.4108096541336185
0.8494482649512531
0.4760051719000419
0.38414476585808754
0.8884458929555483
0.47869543260108066
0.48944082598543004
0.3900342879697617
0.3877309748018558
0.283390299125087
0.4453048462129057
0.3201076185548103
0.23975613551551503
0.4782420713713279
0.33483952649339843
0.2965527061424681
0.6647046301668129
0.29195218632402925
0.13307422741109273
0.61945703800111
0.3033419563716609
0.0924946512577493
0.7734644206889567
0.32315365308814625
0.2133825221807223
0.9000309640925876
0.08128611969006197
0.06839719251427334
0.625977233296626
0.016022539831738493
-0.10344868909480873
0.8793545188236815
0.2975868485220965
0.2903299891647879
0.8748185728684568
0.1476784100755215
0.12310220094250894
0.7576696572919231
0.19895917378688016
0.18298960768438738
0.8661298275528835
0.029990301023441544
-0.014464752696830747
0.7020237216289027
0.14937009238853466
-0.0049128230020839435
0.4854832252345928
-0.019933142738012125
-0.238600075000295
0.5263496630099739
0.14777622706485127
-0.10290629205619779
0.669237546451269
0.021514682985380614
-0.15711102703216212
0.8076141488010138
0.27173262009265364
-0.0006488752205371928
0.8341632429170285
0.22164371229872482
0.07020961333216108
0.8540185078559515
0.24493587181041307
0.09796895017020407
0.27519831093567665
0.05408281997088911
-0.12994009975078963
0.30129235520486664
0.08143280168869822
-0.09174364054420875
0.2950350810316768
-0.04039527989406465
-0.14019691277271368
0.4839176736432839
0.3640514368169499
0.07366288781963312
0.4193034350363021
0.051092153021667835
0.04411691135849467
0.6713341610877752
0.21018158033593942
0.19089016555042396
0.629430750294252
0.1344226003905979
0.1486042600126184
0.1483295358474916
0.13384529210933765
0.01759672079000752
0.20619759083755984
0.11201169993961421
0.07452574398476597
0.48062237937966457
0.19885747701914466
0.18413586982999433
0.6667359383573983
0.2689653655071372
0.32894043010625784
0.6387036011228517
0.3744989235810965
0.2925638581789086
0.5237721630974292
0.2095726392227778
0.06588433003193708
0.2073068818073851
0.010355963761694134
-0.11175026202488332
0.16522888909636238
-0.1838629636569069
-0.22664445076336875
0.23233118205684228
-0.09974500510208004
-0.09844843599784654
0.32588256265551585
-0.05738268927852523
-0.01744417955922307
0.5069176572742662
-0.22033688519908162
-0.07606735774734465
0.7184586395596426
0.14087342441995482
0.2258381725371551
0.6077493776631088
0.06193942641130443
0.10628493102297312
0.33078161167795206
-0.10854971638435798
-0.09452426200969438
0.6788306514143445
-0.1693213306657017
-0.07878583643857769
0.4478212393024799
-0.18941116384671933
-0.05361957765596638
0.5298276064619452
-0.0266247776597391
0.012704327110015231
0.724340509279631
-0.0442864744036753
-0.006082431058080508
0.5072822534290973
0.07630728385912924
-0.14337074719679394
0.7454642909470084
-0.008046208714225544
-0.05402582400250844
0.8337192715290214
0.14109712199879382
0.4147672532716953
0.568063111993621
0.014515940798919009
0.18985211577612632
0.31562514330972624
-0.09071443321512764
-0.06786689811467922
0.31253465942112635
-0.10200310275741936
0.03550520597110411
0.6406904228711747
0.44075842018904143
0.5607348865584063
0.9044697310510467
0.23314285220004033
0.5902835885426867
0.685410501973889
0.11834707710462615
0.3572919651767009
0.8566629101070993
0.3526441911271616
0.5791045956339251
0.7645834487157027
0.18815395905410948
0.5911215419719986
0.380221100158601
0.17101388695069747
0.2120557627448873
0.4810040351057018
0.28511487976155814
0.31989443230053927
0.5652662692393314
0.2446940909841871
0.426369678223969
0.5441720829317562
0.4886200530984982
0.3583939258456704
0.7334010302690974
0.3976208685274143
0.4583703020326554
0.8612211251775289
0.39788444992952665
0.5506497121105858
0.7404875687765627
0.5339816966441754
0.5915502420522638
0.7986558375297126
0.45291083847204827
0.5350081234324836
0.48622965327604295
0.08888560577692188
0.25763053825176396
0.6139393523588927
0.5283528677799788
0.5604517738524397
0.7450793622502287
0.5670402715617707
0.5923020631006772
0.2988305573500645
0.2666936592770155
0.7568902467788619
0.30371924065600253
0.08401615391505537
0.453759479114512
0.630091363909389
0.4484300369870963
0.6092921074982237
0.5082396895360858
0.18302796804194255
0.467852598014293
0.7080797788311357
0.4053189032043024
0.4432265361404402
0.5599184149671504
0.3293498817973389
0.40074666563295375
0.37718604405923717
0.24045275085872564
0.3314221871921673
0.4549433871657529
0.37933800613873525
0.46973954961496145
0.46343438844147955
0.4188541735740331
0.4630454121849088
0.6541822996786439
0.4985580704842484
0.5496178752982814
0.17992801138024878
-0.18307839948120602
0.12039700137581513
0.2903624545667626
0.008401228018386248
0.30939425719185076
0.4698125971753693
0.14312420937969153
0.5357030974608457
0.2654803302922211
0.23649984728343043
0.3342516600727064
0.1569006441672916
0.030123089390378138
0.18912031800131818
0.13843299743863047
0.37579686167074067
0.3370752221956502
-0.0003339733496733495
0.0627086261791453
-0.06097360135235634
0.11343025809757276
0.23911924153951378
0.3472319400993311
0.16842637813343772
0.053895343164135294
0.12539934639522163
0.2535663480327996
0.3014502738315016
0.14754878639965038
0.11047242652707993
0.14027256645612865
0.19573788862382607
0.38185124702578704
0.28325187306938704
0.1593653672797952
0.6426375752460776
0.4833557295795613
0.15033787234725166
0.4012064662463627
-0.023651360260718804
-0.1376683615062625
0.49453208303726137
0.13829077589126448
-0.04079859689635046
0.23246406629484528
0.056910853460473546
0.053013505065041454
0.46372770169097766
0.07004775685635907
0.3178932532189668
0.8518379660548782
0.3193975969625078
0.42545544374769956
0.49638859627875476
0.3443072331109827
0.46376968234100757
0.4471659422409412
0.200109574076825
-0.18481394141967714
0.4395451176551416
0.19233377332790197
0.1557547780141053
0.617850537734312
0.036339427484196433
-0.04558903925711744
0.7573052930085769
0.4400517412199172
0.40414004451751595
0.48873539616727346
0.3956123361703994
0.13143705745690593
0.6576851439333131
0.2901216430528158
0.09768929865083645
0.6329856977403876
0.49171317269931897
0.4010512821654413
0.701021107897866
0.7441369435485798
0.2991748791472754
0.5969740168966974
0.1313927443775855
0.20866164999349404
0.6527111401872081
0.27865337106258103
0.20522774739561345
0.5839695110308449
0.15087420420896203
0.16229776352921288
0.7303161523342763
0.33696459136895995
0.2865330420960333
0.542559275733219
0.21815835287283245
0.15179342165386336
0.6095245161445147
0.024238805905161576
0.21248021108911197
0.5420376260355066
0.15226254691983998
0.26823284854696905
0.6654763786882709
0.1611534427301389
0.2795920309541097
0.7886051983917015
-0.1914233887252253
0.3260222054316678
0.30582515834896307
0.46757243289643624
0.09846369688032697
0.1597791057162541
-0.04460191843740786
-0.0509261525414876
0.21829881360735853
0.241551651210158
0.06643827212533816
0.5793596999106663
0.17499154048333626
-0.15928304895752557
0.7719377937387734
0.4622676864826745
-0.055074452897864445
0.7465983342461806
0.381208123591828
-0.07327887547383177
0.47612119755813903
0.25748632080070843
-0.23801224944485705
0.6400604721884847
0.40531856669582256
-0.13223395023937495
0.6766574825305203
0.3538339944404324
-0.21936766282128073
0.6797281090437801
0.22483560090539456
0.05885003015271418
0.8817992951062084
0.43472372289632866
0.0037356266151360893
0.7481071823622027
0.203229214901064
-0.026316343977344777
0.8303760877687846
0.2562842289913225
0.03344028945214635
0.7754760113765047
0.35675854645035887
0.08951291865043245
0.6225374614305117
0.3777460726493719
-0.04070846862838155
0.779079905794974
0.5791550381125181
0.17515675022444616
0.5070840344424967
0.4027655091087354
-0.03814477919974121
0.745554217885277
0.48412649120981055
0.3441873870235357
0.8088157213955226
0.36155587342047174
0.09622986929340056
0.8297104284945613
0.3994163289489739
0.1515290878461545
0.7471687707225085
0.3648194606986978
0.12577322695880427
0.6999492183865065
0.24932126122052756
0.1580883562614613
0.6547148467681976
0.21767886824174015
0.1990248658091815
0.6048724418389344
0.14669697112975455
-0.07019049827116734
0.5194975636163313
0.001009051549030776
-0.10334081983422794
0.46345122277748485
-0.014494108984406865
-0.02670232902666353
0.716935132392609
0.12984023223703695
0.018890690655807924
0.5420228750899272
0.06658752555018276
-0.0028936799293941195
0.6917111657095921
0.06964968921691905
-0.12231554029513761
0.6000801525039007
0.038720803490949585
-0.14734738124619134
0.4857867825897274
-0.013663073721876872
-0.18622935720198253
0.25117104089977615
0.15741025286565274
-0.24597327013983852
0.7427610096455222
0.2621520571454069
0.18786169216787568
0.2248556995577835
0.02486529873585669
-0.21627021667707272
-0.022317438079414113
0.14240025988862004
-0.08794636357813082
0.25203287173405664
0.18054808693012647
-0.017719219702768886
0.2073693260923023
0.21904966633665957
-0.10589011530764866
0.751957412180083
0.4275065758558961
0.34976585412501227
0.80081593024652
0.5269292795729466
0.3286033069744311
0.7321585842079126
0.284271930697275
0.11881239871401866
0.6487872689678118
0.2874651629262406
0.05296084802954648
0.691780878946024
0.19749130845461346
0.11596134569400066
0.7950091624137189
0.4717915249627315
0.27120567104345916
0.6699678268301605
0.42942973910469917
0.2828881785689746
0.8023848319191904
0.5076973214548417
0.2794584180955963
0.7375008157828559
0.5316423189829506
0.30207308907175245
0.6667185374989566
0.23654810369288795
0.18506285588959648
0.8164331640231066
0.3337929089797207
0.2119086906508566
0.8209594269254686
0.3128656589099468
0.1443888047555454
0.8456242973928677
0.3953194385167462
0.18229617319285485
0.8017763203157493
0.2535376429155175
0.0948641923683613
0.820831645067677
0.37437754510393023
0.4249350066765772
0.7474766082503739
0.27674040062533617
0.2709113949755936
0.7415370636626542
0.31235945034915846
0.2781152880494219
0.6746019925789348
0.43695258683367505
0.27357948858725856
0.8142758438758716
0.2847060098441547
0.4058272152863196
0.8399805572393972
0.31448169689675864
0.27993428591922087
0.8587730503936792
0.27637557385133477
0.35232249725019754
0.7912019511119104
0.39528409397944
0.4068009486582034
0.5825865366832675
0.24372375498605953
0.4203776012566859
0.7385645428657688
0.42527005925208194
0.23475663246065426
0.5976273472696197
0.357695612293325
-0.04614902575566314
0.6452143670844125
0.2275137629058687
0.01910921339466185
0.6264706552629915
-0.02897811846313335
-0.19341831239252152
0.7889104809781091
0.19359905865000132
0.020321802784163158
0.7268856781279227
0.1448949814338574
-0.018640106923549532
0.6394338294450762
0.0415546587100465
-0.09901069686470418
0.7662088408187429
0.27491424857907926
0.0300591813606625
0.6235444859535677
0.23238006732498534
0.08471478189147208
0.6108879899988109
0.3501656945614183
-0.07514276069566897
0.7137339975088091
0.509895326546607
0.2315574043070961
0.5706584166461655
0.469711058763841
0.08508670100214111
0.5658633826661932
0.19507788829391587
0.14459051541490459
0.6056365023303896
0.15615675481332994
-0.005331645394241691
0.5939852713994693
0.269380730916638
0.22986626927034298
0.2336100203143645
0.27612851767500174
-0.11906184178732346
0.43018252389537825
0.1818580402915175
0.04616452117044623
0.6426663895793039
0.16035339219631056
-0.05663715813586261
0.29075540637206065
0.016778160125918422
-0.38182997242465266
0.3804449370534198
0.14094623544823376
-0.08362840948583462
0.5342578843244776
0.2477406678102208
-0.25204865557260764
0.26882694570589427
0.24238637119247106
0.13700589318781692
0.24724026369870916
0.31416575177205164
0.05183638320664423
0.3712006574170684
0.29804277273567925
-0.0018183238192784612
0.5506502774622452
0.38761245791054244
-0.022290612810131828
0.21829269264137297
0.45910702817100946
-0.34887289452435244
0.5062929519514618
0.31690884414362064
-0.21268851547405226
0.25993909012958155
0.26154665547093625
-0.13924226985799282
0.2598717456027331
0.12366790090165565
-0.23964553271125233
0.5960425740090585
0.4544626392248865
-0.07489355760078237
0.5440124169334355
0.21085492329030253
-0.09010498805602678
0.36902603741126594
0.24156722075008902
0.03555323702374464
0.4124454261719859
0.4209107403771031
0.16527505374558277
0.5103037525948622
0.7247428282538142
0.27157192602836094
0.4118506466242152
0.8311391533881394
0.243103882573817
0.2813058620891598
0.4984245180815209
0.07187906781084333
0.2531545593235667
0.5021342019199646
0.03848523173379759
0.11485085455212377
0.4893086755320456
-0.013239538253241
0.05015422523104588
0.5203121312203824
-0.14907430807164324
0.09216331625703435
0.3571410642183273
-0.11740563972177426
0.14925064929253398
0.34164955734869884
-0.11523143221856622
0.11138848680144683
0.4077418084513793
0.07654556298186847
0.10893787660234898
0.4748493102109623
-0.07000302262214804
0.3587404051740241
0.7034572504723422
0.20146251384858646
0.2756148924200816
0.41680910135739374
0.11119320221562515
0.24818034781307013
0.28891936703130655
0.11042425349414559
0.13321256527034236
0.3946261927953417
0.18882682265835987
0.3825701023007222
0.36213692834151223
-0.2509232403961883
0.3973720993036812
0.3918140108285816
-0.17906558052381732
0.42575975159973933
0.40402795258028734
-0.089048819143655
0.4975415780210608
0.3620198182520439
-0.11657823852627641
0.3662707710785789
0.29570645776033105
-0.11270462518789155
0.29556526681803386
0.3108868026175976
-0.15589450813474973
0.4180558547544413
0.3976658834719742
-0.2313714180020534
0.4158887696197113
0.36895055258794696
-0.22215236780700243
0.3840357472394522
0.43752406593223714
-0.1498246935079792
0.5070638248094894
0.4977972294542868
0.03575004149935282
0.4607646771133659
0.5493446909015058
0.0062312331942396375
0.5618258808201271
0.6287680361199315
0.046242234831071406
0.5230654835867277
0.7193978661073284
0.06993509775447765
0.5140432194087535
0.5155911588584412
0.07132655891967912
0.34446658480429354
0.4117367634641274
-0.08658349698422756
0.30902234038164733
0.4157439517380965
-0.07599833428881746
0.382380894003852
0.4713529921094103
-0.010806595283507692
0.2761567510042071
0.46959192824831864
-0.029954050519690373
0.3954270542478235
0.5527909993969087
0.020462951222529634
0.23735402621307902
0.41785621182433685
-0.022676587196162654
0.23410485432054218
0.47953663870709645
-0.056930300675347476
0.301423070246394
0.5468718736504656
-0.05379203523709712
0.1941809911568334
0.45566663418989606
-0.11915433110903556
0.2654490585618026
0.5768695505173433
-0.051998963001529355
0.2713876062493573
0.5699519309470455
-0.043387622494972224
0.3014281975586454
0.38553981298919093
-0.0035334070174923016
0.1953718515280072
0.41854728997154045
-0.2923243499924615
0.27736267619901533
0.3700141282360279
-0.11249040318476534
0.247092723248432
0.543098174775908
-0.2081527827317874
0.039439721578442395
0.1673112082768361
-0.18947884715812635
0.15365415628941015
0.34968259531856677
-0.26280414590166623
0.19749358590784055
0.2593855192928175
-0.07323934349283179
0.1637457540273925
0.35761616726522616
-0.12503155586060694
0.2003808467314194
0.3111536780536668
-0.06927424598726509
0.32652954088715286
0.41739403982691914
-0.02494717451566797
0.32099106325586374
0.43555807629905474
-0.02392374036236351
0.2702722613050548
0.31002409792181285
-0.1977678764141006
0.2383492713164427
0.23975439742889765
-0.12326563135758319
0.18223850354492246
0.4197277600690956
-0.2447503680208703
0.25587397974195164
0.4586234977709516
-0.06754015209678067
0.2919508143683674
0.5117186540893628
-0.04179456633763498
0.7478272208333929
0.7925525422405882
0.3276843683306164
0.6858924090205686
0.7175833656669568
0.23573555380074618
0.6056444180480833
0.7437629104593018
0.2268719189211983
0.563724154842675
0.6233461053312979
0.1795090047433845
0.6648446651932319
0.6356710496787761
0.07515501859163037
0.4911130964860577
0.48390547246385673
-0.0518968545525028
0.5017188120970894
0.6042164837651463
-0.0549695083504836
0.4267081335822257
0.3773348409867621
-0.05155032872605137
0.3860691350137022
0.3591092104345752
-0.0490098433659098
0.5742849462132145
0.5329029896081345
0.05969951817519234
0.6752266819211452
0.5064266932261523
-0.03223478248369536
0.7250553812462653
0.5861196872533985
-0.042031965482464156
0.7320426142219905
0.5892109146619562
0.13756010269410188
0.6034854544222342
0.5453952657582931
0.16488777755264927
0.6819564931298887
0.4746274297428147
0.07766769294629688
0.7985887319709826
0.47617911109476363
0.005537499987277948
0.7916976034850978
0.45609994218794886
0.05876892403140764
0.7180120096675606
0.4884970704650993
-0.01204292343660906
0.5550453457225637
0.30466479350953235
-0.10403966834387399
0.6612495468777271
0.49204273563067047
0.3101734143481618
0.5635588094013606
0.4862160567908772
0.2025402925529084
0.4393163567111448
0.3039417941292667
0.06017216956584725
0.6809560189582478
0.3642984870715341
0.06463567982994115
0.5785604859864826
0.45456198562653277
0.11659947756211866
0.7648431367861066
0.5147987161398584
0.20346102442789676
0.059934403664999344
0.15761759894019697
-0.014296141499652255
0.14606918973132488
0.38271445643958646
-0.06749877715554688
0.20510851357627008
0.3820071866571153
0.19041639356593615
0.362843516326285
0.3578695548456047
0.08030585367227253
0.42086563886429035
0.4297042560069749
0.1719494689788708
0.40279611577380914
0.48301212832539897
0.038535028397243695
0.5875212215974703
0.49659058743796225
0.058994651363342046
0.4005627902266663
0.40276632781655297
-0.11715640000601765
0.6031817595921409
0.6367585045079409
0.03276200548669104
0.8499332732004233
0.703739240865019
0.22921920431750814
0.5625876547060481
0.4482181130473221
0.24973000654767907
0.5452749965724732
0.32447284980276747
0.022432744918574554
0.6120209543269042
0.4701362760003912
0.1989129458537615
0.6740367182787064
0.34443654355831843
0.16167791774562762
0.6842342179478559
0.5111481846298936
0.24739009558665404
0.6878488792823306
0.6141853078616009
0.34144258323555
0.5372531211636659
0.32646845885925935
-0.02171120516392957
0.5811357491969567
0.4925597663733996
0.10149566406248223
0.5134958026717421
0.42387685307871004
0.08504581733617897
0.610145945660333
0.5703040104987924
0.28917636450774664
0.5283647129931115
0.47817197521071875
0.25135597652182967
0.721175510988669
0.4706206590757916
0.1768722885844537
0.6690480983131364
0.5607658236540526
0.18527990172578102
0.7041736721547105
0.944445932481919
0.3334741511827761
0.5748515130425764
0.6280483412165125
0.1416806352753195
0.5166074558721812
0.4681578202534524
-0.01553359694303031
0.7332062497889537
0.5551250538310952
0.08145673276235059
0.2826624493600612
0.47422102796181415
0.07373087277142282
0.35995370864322934
0.4043840799598987
0.07565358868432712
0.40485087422888744
0.3989480185407629
-0.060346363058054395
0.48832142313510873
0.4884100084492582
0.1326208055125586
0.3205613839989368
0.2280320499042766
0.01592998288895036
0.44238725551621283
0.5184945833327859
0.15203206174620326
0.42452081750289394
0.460044759077766
0.11799018399784297
0.3382229161168863
0.3188524704219382
0.02835329571775358
0.35741598952120407
0.46018073896550465
0.14738220930155813
0.44584867359964164
0.47532672970112894
0.2566490041585572
0.37037093091549894
0.08270266763530756
0.06470953624672397
0.15062429556667753
0.15495357076340815
0.025949221145200624
0.3780219196130764
0.21202556303588166
0.1397559120049887
0.3016031860889468
0.6258465945206033
0.21738498190287003
0.2141074405742384
0.6209017256917104
0.11341630367629998
0.2513183690308063
0.5377983328495453
0.1399219992957139
0.2975738455845547
0.6077937491809763
0.09872458546233961
0.28756767561841956
0.483846257446739
0.15201993184263685
0.3799712226462265
0.6007107953548905
0.1606735630189872
0.36109366362447515
0.4847977472660411
0.11651251042785243
0.26104679567714684
0.3721847137856547
0.15045423980555436
0.3930197508616077
0.563004739600968
0.1980796315905902
0.344628359640676
0.4521220853067207
0.17479434383582587
0.31355220352661534
0.4076499742788505
0.1010350099324808
0.24021308544605308
0.47038196227788476
0.01961475094360581
0.45817462106812945
0.6588727934593692
0.16538418084517775
0.36809311238318043
0.5879600476040611
0.10594489087800682
0.28336635554254963
0.452808824184629
0.031000260335558697
0.20805518902244075
0.42531090785757647
0.02793201837413208
0.34702036785761037
0.5223201658468762
0.10920194890104316
0.19196352599636063
0.45687983793108267
0.0823445751232662
0.4760392847365914
0.4920693965231146
0.21550957559704936
0.34491684322395977
0.3211370504853751
0.37579155009501475
0.457837032243252
0.3166276056220133
0.06671402112430658
0.5151279437131411
0.20859093145127758
0.1440052211238264
0.6423846246638772
0.42507763185844033
0.3226161025577521
0.5411949643617904
0.3383045732293485
0.3029999998224531
0.7697909000651311
0.33090975142866574
0.32058006887866164
0.7583344024625678
0.4371135797231206
0.38060613087732975
0.7002003001162398
0.3677112998479277
0.3252279951016632
0.6360574310434705
0.5188087771359318
0.2711788967859622
0.7430583133028368
0.6271481655693685
0.375102142012751
0.542822803625608
0.4188008530657791
0.3153272670896472
0.6081810344878055
0.5130922066212971
0.3274339771554353
0.5478222741593208
0.4393959633606136
0.3550330007437385
0.6724848017291696
0.49156215828124566
0.44086505436662826
0.6903702593299625
0.5002999153132384
0.47170770724499234
0.6381498826665222
0.5558422436779376
0.49303894554140937
0.5908064508423535
0.4923684028164509
0.4141627517279372
0.6885889283549845
0.38678781340723134
0.20297009604409733
0.7459539593998122
0.6724180478337738
0.34033252426790706
0.4815628499314464
0.20251930411725316
0.051253528316778804
0.5149663702520796
0.2688577025055541
0.09701198447509535
0.7073281184199414
0.38590198815640286
0.23860774184887895
0.29156273503261654
0.24898528565614136
0.09205871286736195
0.7425938861786289
0.3421424299523457
0.2005068306631213
0.6072654062371929
0.3203204944191751
0.13028561332648603
0.5665138307781643
0.2425773372078293
0.04255231688149726
0.5184800788958717
0.38244350137612815
0.07616784923547884
0.6459147610262357
0.5431447318954201
0.3255189130779992
0.504711093718184
0.33894951056460787
0.25435504366883166
0.550385025668761
0.4437577020029564
0.25574140400352924
0.5690415008608871
0.689459091839765
0.26993685058190425
0.7434663353045532
0.5669819411436816
0.07662685402999454
0.7313578204211737
0.5142252498960099
0.19688520426648337
0.4423595808184112
0.3223822836968272
0.13865180594974258
0.399383190123191
0.05953049978775197
-0.023688793285011923
0.7586706382942132
0.43022582828501077
0.4344547094003619
0.6270241788766403
0.5077216300802988
0.400288957687795
0.5093099586967251
0.3556982518215267
0.3470072946934576
0.4226497711292423
0.1139091734371935
-0.10542180962179855
0.671762352110514
0.2437604871023856
0.06990569892938801
0.48278020940908234
0.30916556199945955
0.20849231678216498
0.39694195974399815
0.46928012331124214
0.37933592819563977
0.36580130584177073
0.5087871366373549
0.24354086964215438
0.32321089764754973
0.41199884122046887
0.34659585170502216
0.25092407265683303
0.2937071397046649
0.3245444777307213
0.4289899443030526
0.3727175188658798
0.4133435718435632
0.5141839285216872
0.4793242868956247
0.541569749096283
0.5666035773570166
0.8180496833847057
0.6631302615013399
0.3566278554717468
0.3587011505776013
0.04041568368066144
0.15019225119818802
0.17165455019441378
-0.19032738943474753
0.44215514300534253
0.2672126398607837
0.08552872622662573
0.506678593340576
0.523378169605138
0.22588453640976217
0.5187671741829221
0.3349705289482358
-0.03286661561936347
0.5913421368138285
0.23581348354479487
0.13315446676070555
0.29643754762990643
0.6686922147728198
0.18481289698548944
0.3620241684584875
0.311326456673829
0.14030698964281607
0.4260583564487601
0.477403763578711
0.30144133425954955
0.13231460335747838
0.19686514920851125
-0.04677307257630853
0.21045435291915873
0.33956752900023945
0.005249881382851804
0.6851302459294761
0.48125787797203196
0.3154968888877705
0.5602695940334872
0.46487979258276646
0.13924536894556863
0.24144119427922514
0.38377306322623983
0.10000724834837182
0.25175184347473367
0.24100690800811772
0.23158159533173167
0.4419620252464267
0.38665612806273864
0.27712603697671484
0.4093952835743118
0.5480379860017407
0.3327422322481365
0.19686467915366576
0.2320529240841616
0.177479356434486
0.18590080599638478
0.2769670759674592
-0.03333315538819253
0.2112162263575329
0.21570225078034166
-0.018186094718758913
0.11944261272943994
0.20439888647205534
0.057857503398367406
0.40615718203048534
0.2235961277563488
0.2633943392461275
0.6222065158922593
0.5553365915798134
0.309798850090591
0.13699357475588436
0.3603670094094748
-0.06527839255182255
0.2963099854210725
0.7737140597812207
0.10404274107617861
0.2239014025680692
0.6112202327863284
0.13679915502792306
0.17137678903174972
0.49992834493820626
0.18666240856621646
0.27960551719232696
0.5759180526623611
0.2436625466510502
0.05121345927543436
0.3666350172035027
0.0268283727887069
0.033053650502717295
0.6944438319835362
0.04381196536708714
0.05400975220567698
0.5431829845673027
0.05858442800020798
0.1082087444638763
0.5946705100311294
0.07646309162448975
0.0401965358604319
0.28553574211169136
0.07016069796300872
0.0835027220326032
0.3900632434408403
0.08893515152072455
0.1422957593662233
0.30648058752091695
0.03360121182118123
0.16044076462828866
0.4653719015759636
-0.02765904603736457
0.27320316150700463
0.5286017800486874
0.1531778681315472
0.037192926126454126
0.4304182384725148
0.07864804711710502
0.25845251625618043
0.34023223616513154
0.16227528211286693
0.589096429907046
0.28647168173730914
0.20412801281776677
0.3955005554224577
0.32990171257702217
0.15127388040037779
0.5185689152460093
0.38079946697068257
0.1515920490772046
0.29201874162098135
0.31879676156579
0.07059071602018437
0.39365135642130517
0.42347726037339034
0.13105325750339422
0.3884018051673134
0.43547768245585194
0.2704925835932539
0.3389358365725851
0.5204264603763766
0.14133277399961997
0.5230595693626587
0.4771444135259032
0.36506284517930987
0.37945734286806276
0.305034295543106
0.2169326211158536
0.43523042204611917
0.3956503044468968
0.25117144526849744
0.5216180120881535
0.4163659766272273
0.280840089880361
0.3876714707241906
0.4322393464053683
0.1637137703369645
0.4956284793375354
0.44725735762057495
0.19140609441228978
0.40099006736869613
0.40559484113422806
0.2777365784819975
0.43710529704533496
0.5604689112595505
0.2749340933837052
0.42987341766585474
0.577952432285628
0.29416649530106886
0.35332911832574704
0.46092669877601244
0.21030192109803414
0.11708528482625874
0.26952464905576345
0.04280586042309164
0.2294501252905859
0.3229998041597144
0.07688012898675814
0.31312169433382164
0.4195139028343786
0.16583390520416125
0.20340344814943798
0.39582815986305653
0.0779905829077241
0.2975198789486422
0.44047067961105063
0.04202957580142464
0.12812024801259686
0.4361557123393343
0.2880840047139486
0.35315334092983636
0.5313636532865518
0.21605605477807235
0.37135045087885804
0.6655744932211016
0.5370559611399558
0.5787534551607632
0.5561773243858428
0.45581222774138386
0.43924003491008057
0.4526013081861283
0.2848308293769777
0.45028180068776663
0.6697699780525769
0.44438720938803866
-0.011689304235688869
0.5819500972996213
0.3346644987851092
0.1687174159850458
0.5810160778447777
0.5035583750222432
0.2943246471502634
0.5344611383535287
0.48832869041211857
0.23382525284151473
0.6290822939181708
0.47311381293485893
0.20519244874848497
0.5045956365581397
0.4754643365370254
0.13156424812501416
0.3440669982459017
0.3323380136416925
-0.021186868881741573
0.4140054608426343
0.26577945383918833
0.09853891554488142
0.36048177150061333
-0.017245125769151076
0.14647947555556823
0.6737079245560919
0.24388656371202422
0.022718428858729222
0.4400388337532207
0.16523485572286992
0.047719045795980096
0.32580163426886477
0.08121084076980092
0.17954196732976346
0.37009637562298714
0.17416263695128575
0.021587175746010157
0.3435087471529372
0.014314041542616469
0.022537426698524442
0.608981331224572
0.4926631168751403
0.193301069632138
0.5365104441718583
0.4226312588196963
0.2559471058179206
0.7430304171177788
0.49359519156268583
-0.04445089843651831
0.586263069698714
0.2695892946909232
0.24348540059791088
0.33452844413677
0.24076220731550746
0.10465344082723652
0.15201573123596143
0.06536002075965361
0.5714132657952652
0.4932080662156072
0.024780333809405745
0.5491849224765118
0.31907149145294406
0.08444153629175138
0.1956399259568049
0.3289253855550605
0.04810648268641634
0.2703341458207894
0.2215624354490292
0.07977980461989982
0.3472415824375046
0.1778499645424767
0.2979085209339679
0.2407960628677467
0.15075362257381048
0.49272188428511476
0.19043542793247845
0.25478894999992363
0.5218708077550219
0.10239511568530849
0.31566706023901814
0.45126921427890776
0.36439031472033606
0.3348308115798758
0.4673157725367228
0.13235754745141246
0.19149019362918723
0.41044999408105
0.24023303665456336
0.4173967598172383
0.545537468258822
-0.031959752044277735
-0.033537789088923284
0.14902768929159943
0.1493553121956826
0.46655450921515323
0.5629251878325918
0.308563036437581
0.34489343275553563
0.5593630021987899
0.1522171107557378
0.2973880795199378
0.2804183957029539
0.2358601782397543
0.4502100488367855
0.2881373086156485
0.06689933275293061
0.07767213974451401
0.08208641529891585
0.0607438947976941
0.258108509235741
0.2191153780368799
0.29283040740073835
0.2895999430336799
0.21911017351041442
0.4391065120712135
0.5178622046426514
0.40013411123428294
0.3630483704218789
0.285389580302513
0.20905501321445505
0.32080847600706863
0.441510394999471
0.3172535901769582
0.5069876878285232
0.47585674552093554
0.4622572767801342
0.3447327076873681
0.5810106583884496
0.4765887712994069
0.3819844083472823
0.3747760808064158
0.43186082053401265
0.3339070617931623
0.5372707987121708
0.40497521981534135
0.20810655199582562
0.3598452642672872
0.17978203705305146
0.20645846277345034
0.2719529421270316
0.10960579655500602
0.43107707337320217
0.09827766002877086
0.3378218546189749
0.2348581325039879
0.08064388039948389
0.06275576878645989
-0.13668296282745648
0.05105243430619258
-0.04193748648843611
0.37313702464143433
0.6107561148807448
0.5326530922071107
0.0444198779679377
0.07371821418347177
0.07708626235143907
-0.09646320844476673
-0.02676292559592558
0.2673277302804551
-0.11086378749549936
0.09598402419051681
0.04486280751187616
-0.06329647773105673
0.06786799615295563
0.24679710165884242
0.09224805086199905
0.4358390698880541
0.2785969699754518
0.2334027251655552
0.06805991656241134
0.13041866607382369
0.1909736231851775
0.2660871210779746
0.2848866646080479
0.1800658458360327
0.5501682271327705
0.41002456615149363
0.190198882749759
0.41783761926104035
0.330442657075098
0.046848268672339426
0.056554039471700734
0.15703244484209156
0.34668987710243543
0.23584877059942982
0.4982689802391834
0.5390301480329329
0.30595944511981327
0.5628071377508568
0.4983472696071498
0.31414680989281385
0.6296955489684297
0.5080097944085336
0.3138240982788788
0.6786384996355252
0.2773800589525032
0.30813795109494063
0.5024891209321078
0.5991269446278618
0.3892103044438187
0.5965329464869396
0.5097659705892552
0.31370647267881946
0.4192230090304244
0.6681210688054102
0.5687723333647665
0.6993376447631345
0.5816722623602525
0.5376185687431881
0.6117833113038571
0.5992723751665741
0.5024407484090336
0.675745418984521
0.37324370607628676
0.23063546269512472
0.25359917895703904
0.297634906784452
0.21496019502554384
0.0040340729851473245
0.5128970522371566
0.430073051855974
0.38629356353019595
0.4002780239892462
0.4401879993854219
0.2323287372221463
0.3696042498932623
0.42387020214772597
0.11880600452527096
0.3429840287220909
0.4593555839190681
0.150185248888247
0.39432823787253646
0.6597699733514168
0.1598202283406359
0.3458427096177211
0.6219974890792279
0.1723062295620612
0.24118252231752862
0.6064509417853252
0.11901259403175554
0.3651428400329571
0.647036012696868
0.348054325928447
0.4276663097414265
0.5814370377512308
0.3470124228733802
0.3838390278030487
0.5408589312303885
0.23604965730304703
0.40692314863345147
0.5320762355172431
0.26542270350419556
0.42497458639626406
0.6452941939471047
0.36198306242868067
0.31799585736522096
0.5879067790028578
0.3329618661944842
0.3924711364518698
0.6813640018512274
0.2678050506718422
0.10269344943031217
0.5300825875401161
0.1500340474687509
0.14318298038498914
0.4773260899537366
0.1262831655896915
0.1197630479981437
0.4591129726886241
0.09814450397766282
0.18472123620465636
0.41814958687290427
0.1274030242291973
0.21665506534598025
0.5663536580264361
0.21072199572570094
0.20430029704664276
0.5355263126667675
0.16726931368647427
0.1778612450008395
0.2929886324434815
0.13812244111758645
0.1356171494577526
0.272678005330416
0.28812490127099083
0.32927295497621967
0.33261361465864825
0.25006824649519127
0.14062977780970276
0.23098430903722145
0.07989142343695224
0.6766864565980321
0.5344213125144595
0.27180662964443547
0.6209759526343728
0.2971387164164225
0.34074537680527556
0.3400536119319815
0.38527135120048017
0.2835930511021913
0.5700735506150174
0.38173655465278167
0.397357273956357
0.4302979050534657
0.5341326440083947
0.4465499182995174
0.4916356651265452
0.5044910396155187
0.47094619099353785
0.6290349871650417
0.5412171334792555
0.4974120556067421
0.291241417650086
0.5055177448430821
0.2337928165727497
0.3543371315665932
0.5432465154266247
0.3011328745244015
0.4361705240329079
0.7017586555838138
0.40022402503490295
0.2051283734203487
0.39002684775667307
0.12380176594095035
0.37919006831677493
0.5519426703469843
0.3252417229765702
0.30856163047690255
0.41997611188400996
0.27302233347256505
0.39781849302183037
0.7163004010929144
0.3809020556868768
0.23097262195780538
0.6204212095857699
0.26580052523867437
0.26230453286746647
0.610553353827306
0.30210530941302227
0.4674598335310986
0.6418211027648378
0.38067795701054086
0.45516257571643026
0.6107544913782997
0.3192762318033514
0.3834859460423101
0.6224807333088966
0.32662613778006877
0.44667396501390233
0.6617655139240192
0.45256784076362144
0.42448975204769657
0.566030695183573
0.33319208204215267
0.3306546083135184
0.40509772983607684
0.24710350500653344
0.5233366086817735
0.6372709637818443
0.42707480007859133
0.4679834476617625
0.6519560282909429
0.450270707705157
0.5085525587962697
0.46345387069000926
0.45518259733888633
0.4394048286077349
0.5830652619725556
0.43082779044376024
0.5022089012643887
0.5939406858498804
0.42592837293169095
0.5045188563418348
0.5478005373654026
0.4430988665882002
0.1616874736201825
0.49812846628700735
0.35045713660020883
0.21714442219970403
0.2566684577282521
0.14712646768959375
0.21200854834190538
0.37901521563362495
0.4553470472027874
0.2498719352265007
0.4553868750632548
0.32689099910244823
0.12239400250513045
0.441704577088229
0.3560763064972089
0.3278724752781795
0.5158440222146521
0.5217981506624642
0.4144560345358447
0.7258161513178332
0.6102178907227145
0.4483822263178501
0.6523467748327281
0.6370127947856734
0.41064218975447175
0.6558799778428994
0.6523210263792267
0.5251127731963402
0.6369139870278671
0.591023018009281
0.5231070261547814
0.7053033619703151
0.6207926793829117
0.3305642895031834
0.346246877010542
0.411979163379807
0.2262133851687444
0.5061527115126299
0.4325828941568261
0.32441561925685974
0.5634917676826863
0.3539042407172833
0.4484138086566231
0.203510781217965
0.17101646018421648
0.39502301801104256
0.33119172187830737
0.4608757167824063
0.6539534210616522
0.7056422729627772
0.5984981392876338
0.5052257915768589
0.6696544836363238
0.4743918525183661
0.44300453067759893
0.4915217925952523
0.4293978645573717
0.5170620421241997
0.5379970257328826
0.4389550668310527
0.5436541436098555
0.629966742582456
0.6908718882141096
0.6358327719455468
0.5121488989612639
0.6488838632345091
0.750843476317071
0.6067122863919945
0.6628606369006436
0.4242212181027901
0.3263170760566275
0.43883846832205325
0.25330501976592257
0.46107212026726374
0.33107245752407327
0.25079989668175257
0.32276691174196326
0.43551660666085534
0.4530914984270287
0.5267126779521458
0.24871178823995582
0.4160721114874464
0.44832254143909245
0.18251897196603387
0.42403234758237107
0.4776196859221209
0.17938853739131283
0.3750639512903724
0.6070797191043766
0.3675473130329969
0.3111892272487887
0.42376934296809415
0.29154378457945296
0.4250349728692385
0.36846674470579643
0.4060665223254756
0.5226336381707359
0.5096516079652753
0.5343685878466147
0.4364416693052563
0.48194814678388326
0.25390313908113304
0.38948986110030015
0.45286594264594465
0.19446246440202006
0.4962053474086079
0.49455479852686524
0.3126074369917876
0.5858906406939408
0.6494359823953206
0.4842803241275497
0.5292528910722887
0.561353437692286
0.38651766022103207
0.39102337317815344
0.3950687312600695
0.3190320432358727
0.33557883945854317
0.32218903536365595
0.20492509576508866
0.07105986026126845
0.42624016197685405
0.13175443373683432
0.36998952061821044
0.6084359718073193
0.4430883145692209
0.41654933640368913
0.5990087725791803
0.46603681268627195
0.3806736101138399
0.6168902272019103
0.48847032328490825
0.24402794434070646
0.40201385525836175
0.2574340866427407
0.22600802618273755
0.47439816176918437
0.27054872873730207
0.3437009730796604
0.5345459999377546
0.257231862978715
0.21266120089030416
0.32168883557231037
0.14668438342272178
0.34577033869506196
0.3456165578229755
0.15672383713331783
0.3570796055882759
0.44658453420864996
0.12579850036271661
0.1091978734343395
0.5530054880970375
0.4817457726180816
0.1466170206034311
0.6587238603896493
0.6193911864695214
0.2730036666555887
0.5920058407693258
0.6702035152510828
0.4096693388767726
0.6830365900937762
0.6348446767428251
0.30364423518170836
0.5512333128075824
0.5185756090532903
0.050396227463515395
0.3484150333834455
0.412258593517112
0.256156032922032
0.6071469353997494
0.49223372763117096
0.22887127784722794
0.5762389862682559
0.40289648996515803
0.332651046264805
0.34472045235377163
0.2947271063394855
0.23102223073673253
0.5396009946751487
0.3172167239773023
0.24866172190750685
0.5342508854827466
0.2765501141915775
0.3229569280725506
0.669975511101938
0.4836077911335488
0.25249213783027846
0.5226019028498157
0.4479512251301153
0.35325518891775043
0.557233797914316
0.31300535871113655
0.3120923850070546
0.5116469486247683
0.4013327111299806
0.1158997915781766
0.464235674090757
0.2261363051634207
0.1811185715461292
0.4835110004898484
0.24011645734641104
0.35430772544711997
0.422590132428999
0.34323488886998743
0.4103225683260386
0.5270132775202183
0.45658525261579663
0.4278763333466967
0.6252476834791795
0.4523379285705993
0.39697473327155663
0.5615776752670889
0.39019340922366597
0.39469323517034827
0.5218403233154761
0.4309371382482456
0.33290848155069674
0.4264576353352854
0.35001910595545677
0.42838686183498714
0.5577286819803899
0.41643891870124655
0.39565830220303305
0.5628585021172376
0.5038411243464016
0.5016263842192031
0.5901824542998182
0.5357081593741513
0.07097777127026737
0.4900947296570159
0.09822798987833084
0.13618089864641614
0.4860143927354468
0.23544388082051887
0.14392936669329068
0.27333853650673967
0.09194956508448343
0.22776023916579208
0.672736138416504
0.3772011670638436
0.13793704630963313
0.7193145454222112
0.4521430348188217
0.13089341244355715
0.5708861852255573
0.3342242132857505
0.24177475469710907
0.5119492203724041
0.39663162457705214
0.29801070274585606
0.6240659010747756
0.48936605457747695
0.3435749768726041
0.6697695801981034
0.4678118870101968
0.2605212967574841
0.6715140553415031
0.48016679972891085
0.297545167939067
0.6026564598463671
0.40954656210144147
0.1737163576843056
0.4946307922676555
0.22977551490854062
0.2374498314215791
0.5528414082082773
0.23495794137637516
0.15338512110085373
0.6110662041178663
0.2277493948195331
0.27835993456098407
0.576773771793967
0.361518641609123
0.33515763351184585
0.6395740062840014
0.4428948489855837
0.21173693125357068
0.458008340263583
0.336446729659155
0.0019370765220663028
0.3614007468577839
0.011530978212598832
0.11517693140083357
0.7689493453792731
0.07451449002207403
-0.03830485292026603
0.5270504289998614
-0.023973443878990124
0.015160591653271573
0.579373850707166
-0.0014783760966208814
0.11767552830878927
0.634129462517866
-0.035580101171054174
0.11972106419281262
0.5881174498420891
-0.019773317910325397
0.03465326485755338
0.7374872265116612
0.052739818762862614
0.05850831997382151
0.6988781030375463
-0.052115192191992454
0.20389377998860347
0.6536332852608198
0.1308941547053577
0.018992520957598347
0.7871341898180464
0.0387563985954061
0.08828729046363532
0.8160546764003198
0.05839529056479685
0.06278652220427441
0.5963887472899689
0.0969092368212591
0.2068991331280598
0.6216181928617727
0.13037913239888155
0.3282075806712821
0.5870088539468247
0.016950782792632416
0.14407623574468229
0.5180575106653034
-0.09401084059181594
0.11334499998240226
0.6258680242300942
-0.09429201862008181
0.13975928025444892
0.5398163663908954
-0.058241162022730025
0.127539353707308
0.5352709626764862
-0.052870820606947574
0.05166380903748869
0.515514236553372
-0.06246347932258211
0.16489922668667548
0.49652658484326223
0.02154984223313221
0.0653623182386499
0.5921833430702379
0.03074833404451134
0.06728915899211674
0.6705507481871904
-0.11726338513306209
0.23156405081299586
0.2851978639303644
0.2007178155709729
-0.013843208857550708
0.2787325772653117
-0.0678227545441995
0.08085698947622028
0.33524258497279086
0.2991332008825379
-0.14675673706831002
0.4780790974348167
0.27336390375256736
0.2362776339324534
0.8014305620383596
0.24997166866988646
0.21355843577932976
0.5950228264797475
-0.12491095333170336
0.08078224003697491
0.661836817632374
0.28100027418509005
0.11643103357582099
0.2925244480498982
-0.0012332923510048124
0.0758297071116687
0.25712473599171237
-0.027928528853775912
0.050583846820810595
0.38737378746883383
0.0010188768610298379
0.027434784709345135
0.5175873632864288
-0.029051167594155325
0.3438378526955287
0.5854797561328497
0.27932133843454
0.34441235943305304
0.617556044882236
0.26853585404089414
0.11140209599389281
0.5935716342155268
0.14137076364057927
0.09351323078573034
0.38025270105778314
0.09094991937918187
0.21869436427356803
0.47316938185285257
0.1696615315874214
0.27629485292006933
0.27266656589694793
0.3644864812462894
0.3336600650429684
0.7522238949893717
0.5632796362151212
0.05827708361718325
0.7590892285992754
0.21310714627610078
0.023029742511403644
0.7333401501457626
0.14359025021978777
0.029924708588593585
0.8681359984327857
0.2758309699318733
0.021859401263418777
0.6723435923435311
0.17342330429834385
0.03131664123905503
0.6321647677942153
0.14183059611163668
0.08500179919489095
0.6194326750148567
0.23356456629749245
0.16130117551311735
0.6787630941185212
0.3794513985090386
0.022888382698008525
0.7575641420371106
0.2891619655203407
0.09519339083293427
0.801822380526588
0.34676548807816276
0.032858413147092994
0.7217779952704284
0.38315228314103755
0.23131225710489256
0.4619413400947399
0.30907851415742255
0.2877191052489651
0.6367327282878659
0.5998509594918864
0.29357232608258044
0.7387725528353661
0.588126258862012
0.3947048378706668
0.8070434110250291
0.6269290174929272
0.39639601331045415
0.640604074012919
0.44579215684143547
0.11794736217254093
0.7412041081193391
0.29606711910881
0.034104776797732925
0.701835560004374
0.25572283876242663
0.10130845911679923
0.4134139443333811
0.26008565653986143
0.10214715765180282
0.5087828519580931
0.2938238284224193
0.21733839331353985
0.6767615405624148
0.3543584164603395
0.2120475505930583
0.6016183177083612
0.38073148587234473
0.16287439908814016
0.6187957078705262
0.479395262808882
-0.09496904805219218
0.6293059012763713
0.30352539167360637
-0.035504548363259926
0.4568114939947842
0.25700455265326877
0.09073537564641994
0.6585357104926537
0.3406731160461669
0.03203310477165878
0.7483019889540217
0.44581727089118106
0.13851482500080547
0.7119369628446329
0.4717360379270112
0.027963831128114763
0.643718749268071
0.26494663316720835
0.05916818265574684
0.6582802543522965
0.2400027310971357
0.21755015677826953
0.5675721455349687
0.0670250791946415
0.1586787870030304
0.5008084488238075
0.06787237484713661
-0.05242563765366107
0.49070992682896364
0.08244808405124976
0.20992267439196002
0.627202934851584
0.16655461688983256
0.09686591582890505
0.5880441760213149
0.0410874176931613
0.05346021477466648
0.46789684962950456
0.019686441568038924
0.08736274865129726
0.4199979718735761
0.17751309481879468
0.3054080903602554
0.5996094672845332
0.28967175900188435
0.2846670657984387
0.6011672457382937
0.2157279438175893
0.1857369651586901
0.5497174688647113
0.19027700500650957
0.21584604421339132
0.5780822433568442
0.3515469681260565
0.08750049808363781
0.5174608674756148
0.22053026883360288
0.18535762249289503
0.645300105668104
0.26437948444058434
0.12081639060196084
0.5355560055430031
0.23881340450303506
0.3502194158182963
0.8580828801867455
0.4185171241809629
0.20757303495617963
0.7854231228136894
0.5393458542409968
0.20572053020921896
0.6397189274889807
0.37056087631807905
0.571259490471402
0.6314454987050557
0.44154209496248
0.2490809831703948
0.6201707686154045
0.34293200207107366
0.2380080633988482
0.539918815067848
0.2943564280912476
0.25905593605653354
0.7047450232253234
0.5334088315413043
0.38262393520227944
0.5859127610271494
0.43512506990346317
-0.016434252450582117
0.7177029477435786
0.40442081925606077
0.06122255026332856
0.6845205887040321
0.5598538366562322
0.2858022325682872
0.6821613173626266
0.5269167577602827
0.1423991923396184
0.6527697069477435
0.42232610171324836
0.34340340675026704
0.7183606593611573
0.4999946348522577
0.3729195400179439
0.7369945346331379
0.42016632996933745
-0.15260358326133439
-0.02396957859535448
0.051809527915733615
0.2077424311850719
0.24286343674574035
0.24624282800985017
0.35540388107950593
0.34520197370934247
0.48195658808205954
0.3104463010209926
0.49960884313896237
0.6204976287877725
0.2715390132444277
0.45704581266510474
0.6138202063919127
0.2780544489720875
0.5589422263744226
0.702164017900945
0.49878367059437695
0.6677009232496172
0.792629429437826
0.3613280279761104
0.5059486719249195
0.6364877188015878
0.23516410834359097
0.36042985549163653
0.28242165350679715
0.18830542870614742
0.45906681124645893
0.41309119611907075
0.31491373979905773
0.5209031584187462
0.35594639370303865
0.3288685333500001
0.4694402729172291
0.35354677372492105
0.4570743839000492
0.6340509901386608
0.65859596117337
0.26754282883869185
0.4180478608458925
0.44709757703959085
0.3604128806354189
0.4641509211159829
0.5364221828042508
0.40913438886890297
0.547239701320143
0.6216879599566629
0.33291546141704
0.4691953308382564
0.7386198175653449
0.23825076862845995
0.6147723430302117
0.7972154051471663
0.27261156414956655
0.565915984112617
0.6812354176912654
0.28561315139591553
0.5153525080558963
0.6355294539000181
0.28938719867550416
0.5681024858673875
0.611327359425295
0.43878229185916195
0.6300009330997081
0.5683479314529347
0.3873709988746076
0.574720574108893
0.5243337533801623
0.5060899454257659
0.647426008157928
0.6682256493226766
0.43248584826692604
0.5713113254184752
0.7219076641904705
0.32262195245828407
0.5571569940026249
0.5540927412081156
0.3099755226168083
0.4844076774060979
0.6193558188569643
0.39787078987419866
0.5867617710564486
0.7340536836389603
0.3415487740115997
0.5979038878631399
0.7924405668608018
0.37764556513269804
0.6454531145642032
0.7596062708738578
0.3061733295611409
0.5451268529054059
0.691616228749899
0.2696962710838641
0.5051591865196166
0.6674347752949021
0.2939355065310695
0.45855714093664146
0.42066543599240036
0.40243905814419567
0.5412064041285769
0.4706735330769911
0.4047921757384544
0.5544068418544714
0.556759909407901
0.48374535527665247
0.667590949598831
0.5714918319255842
0.4788693058937946
0.6306586339104439
0.5871344166191746
0.26022580871279255
0.4247774930436791
0.4069998961611524
0.3293587774000885
0.6170568764628253
0.5925593542690348
0.4250230994513915
0.5814603814535343
0.6411958809891272
0.4653481341362737
0.7058364246825337
0.6402918773541777
0.4003585716822282
0.6251789924117156
0.47278763285024106
0.33035748774074525
0.4960734306783267
0.5658452995328359
0.44239056993315407
0.542699204898139
0.63269043671407
0.4007856658347148
0.46392922742680603
0.5704110868844199
0.3292610540349883
0.5579776054526393
0.5714283690857352
0.3786726466498404
0.4871100574367494
0.528216016607635
0.41386614317627746
0.6282562778187369
0.6672510349546735
0.45289140209895684
0.5890600971944057
0.5744068092521704
0.18107204280352632
0.28859271763943883
0.22593346829217892
0.35610822724196445
0.49966237421008053
0.4348139329713786
0.3557101751922364
0.46428272202845117
0.41136712405334874
0.39361071677070014
0.5502783250880934
0.4985280408904581
0.31783003302046814
0.5862131840879687
0.5189529358228661
0.31853728741105003
0.543441961509002
0.6261047964856106
0.19716986505139883
0.5301807513090901
0.3933582092561492
0.27538103928260793
0.5285225284359734
0.48395087490668853
0.28473799952158185
0.5669557843959934
0.44403658976071947
0.20317167746768716
0.4918619523076705
0.5658272364256022
0.13590946479656907
0.35128455331347663
0.3435726835455848
0.17668076389697993
0.21095775080872842
0.30395715569866627
0.27531110862252334
0.16623713256659647
0.33134902503108166
0.2522586904925427
0.5249629238237983
0.26710303844571204
0.24776835984397566
0.5448063845356779
0.44122816998104775
0.2873641158858588
0.33270708030865037
0.32109978654292903
0.13149017491401804
0.3760001518322956
0.4544000063440569
0.5150624570922705
0.5873254859950185
0.5735466541563226
0.46931185205898956
0.5741425592231111
0.5480527966879899
0.48576464122817037
0.6663918017375514
0.5600341374495534
0.4762916383348612
0.5865794247488257
0.503259699040541
0.5132292070346681
0.5115549775970175
0.5671373393868143
0.44744264485520724
0.5017015424623241
0.5340445037470611
0.5678061407471541
0.6259707450255916
0.7175019519100595
0.351922692519728
0.34765932897237317
0.3383200881105728
0.4324114662986473
0.4004059286009992
0.4922580086396108
0.4772374340030371
0.4034230822833025
0.5088231261067668
0.25699145671059087
0.27196291528519073
0.6297003500233831
0.15481272475817015
0.4650689349544482
0.4795161866750156
0.34495948034431134
0.43481678930294343
0.6784392376877171
0.44042354777303794
0.5023053807659289
0.5675065302302849
0.35450708108614337
0.16033567459362866
0.1484007916672585
0.25796942551950675
0.22444950697478028
0.1805338497825369
0.43503632603262654
0.466708188845696
0.5575710319005313
0.2628391344743445
0.3376787857398053
0.4428899523103466
0.08013090813167663
0.29725229188976016
0.403560597163644
0.3833964647285113
0.37912807202454013
0.6484932444141337
0.40941311000248326
0.3781606276134569
0.6712946315891886
0.09533196312855804
0.44400373788694686
0.1256315973238737
0.47697044081902396
0.4285116573575657
0.2504808373405219
0.18289117105409208
0.3279315846549362
0.2744720263940246
0.32520772029298906
0.5931848560056421
0.45337244160845125
0.3934178593080127
0.5814725683492585
0.522033398245564
0.3404216188193001
-0.01868117798138924
0.11665929272516712
0.2702492561060296
0.22983983599447497
0.4544142175561175
0.1638903931974959
0.15224673781915615
0.2885559377013224
0.06437368314412978
0.3301871162537203
0.3837031929905028
0.24523616776635443
0.36769864882005143
0.5846356292597236
0.3092181202794495
0.41401169921625414
0.5318512520427833
0.21842485870700362
0.479826173134438
0.4123937459352595
0.0045705615321158174
0.4803994999922745
0.3534381418869568
0.197895920054614
0.20707708299808444
0.3527631652581899
0.14999948986551392
0.3889912748461485
0.3946356519522316
0.42994834736332865
0.3492133593078165
0.04263132421484239
0.06647893305297828
0.2816618839095727
0.20323958946825288
0.18350409749507585
0.6106342692659901
0.46400521669154987
0.2507187496285571
0.5942244602006423
0.3977418709269061
0.37803826430239584
0.5904041365058551
0.36343392061644086
0.3950708957797223
0.5619438099566745
0.18657878763606298
0.5446948241235277
0.7128403463245623
0.3764671363983861
0.7588210568025364
0.7681633960314249
0.5248130370578772
0.5856799225183271
0.5593857328035803
0.5737777455945259
0.6014285672383601
0.8263261929253898
0.7932754460012803
0.6474012956246566
0.6062948107235098
0.797012743041015
0.9292108461097424
0.728069135911239
0.7482377737189552
0.8067637455709125
0.6417934769070199
0.6094207666227421
0.27165812488273144
0.19170780684757938
0.16071342613257547
0.27349111173451734
0.3842369641625049
0.24640293681939365
0.25932319652234065
0.5081712559283343
0.3265206515137793
0.44744565771131684
0.6038937713346659
0.36115653323842556
0.5740785630720417
0.9009301840067174
0.458574075296879
0.35581499049687965
0.2460820030225053
0.1618852833558277
0.43824824799745066
0.20536535184143984
0.35067398966463803
0.6342870667396358
0.42947439841322577
0.5090581191886704
0.722887476292781
0.4280060641250343
0.4248258442144751
0.7505637955779081
0.4785579423613716
0.6140114325648245
0.8370252344990013
0.32029441713321727
0.32195713192090203
0.4410448461052453
0.5382385647819868
0.3214735109744138
0.5134699336184625
0.4892372125032992
0.4558138926904419
0.6352207475637182
0.313180347371351
0.6177533494979797
0.5659212229087043
0.5328332669072329
0.3787573860885787
0.5889567851611224
0.43694767111907645
0.5238364994688116
0.8036995569678398
0.7377154887358881
0.6330024572082462
0.752922196201371
0.4833524629434294
0.5061528526110113
0.6447883001437877
0.44069759783559714
0.40935437375380496
